201 1 5
201 111 5
201 268 5
201 283 5
201 291 5
201 305 5
201 331 3
201 740 5
202 259 5
202 292 5
202 682 5
202 872 5
202 877 4
202 880 5
202 887 5
202 895 5
202 948 5
203 7 5
203 9 5
203 100 5
203 106 5
203 111 5
203 117 5
203 118 5
203 121 5
203 123 4
203 129 5
203 148 5
203 181 5
203 222 5
203 235 5
203 274 5
203 276 5
203 284 5
203 291 5
203 370 5
203 410 5
203 471 5
203 472 5
203 515 5
203 546 5
203 597 5
203 685 5
203 748 5
203 845 5
203 864 5
203 866 5
203 925 5
203 928 5
204 22 5
204 66 5
204 243 5
204 245 5
204 258 5
204 259 5
204 269 5
204 270 5
204 289 5
204 300 5
204 307 5
204 310 5
204 313 5
204 323 5
204 327 5
204 331 5
204 333 5
204 342 4
204 343 5
204 348 5
204 678 5
204 683 5
204 687 5
204 689 5
204 690 5
204 748 5
204 754 5
204 879 5
204 892 5
204 901 5
205 2 3
205 5 2
205 8 3
205 11 1
205 12 1
205 22 3
205 23 3
205 28 3
205 29 1
205 30 1
205 31 3
205 32 3
205 33 3
205 37 2
205 38 1
205 39 1
205 40 1
205 41 1
205 42 3
205 43 1
205 45 1
205 47 3
205 48 3
205 49 3
205 50 3
205 51 3
205 52 1
205 53 1
205 55 1
205 56 3
205 57 1
205 58 1
205 60 3
205 61 3
205 62 1
205 63 3
205 64 3
205 66 3
205 67 1
205 68 2
205 70 3
205 71 3
205 72 1
205 73 2
205 75 1
205 76 1
205 77 1
205 78 3
205 80 1
205 81 3
205 82 3
205 83 1
205 85 1
205 87 3
205 88 1
205 90 2
205 91 3
205 92 3
205 94 1
205 96 1
205 97 1
205 98 3
205 101 3
205 102 1
205 127 3
205 132 3
205 135 3
205 139 3
205 141 1
205 142 3
205 149 3
205 161 3
205 168 3
205 169 3
205 172 3
205 173 3
205 175 3
205 178 3
205 179 1
205 180 1
205 183 3
205 184 1
205 185 3
205 186 1
205 188 3
205 189 1
205 190 3
205 191 1
205 192 3
205 193 3
205 195 3
205 197 3
205 198 3
205 199 3
205 200 3
205 202 2
205 204 1
205 206 1
205 207 1
205 208 1
205 210 1
205 211 3
205 212 1
205 214 1
205 215 1
205 216 1
205 217 3
205 218 3
205 219 1
205 226 1
205 227 1
205 228 1
205 229 3
205 230 3
205 231 1
205 232 3
205 233 1
205 234 1
205 238 3
205 239 2
205 265 3
205 288 3
205 302 1
205 308 2
205 317 3
205 318 3
205 347 1
205 350 5
205 351 1
205 356 1
205 361 2
205 364 1
205 365 3
205 366 1
205 367 3
205 371 1
205 374 1
205 376 2
205 377 3
205 379 2
205 383 2
205 384 2
205 386 2
205 387 1
205 388 3
205 391 2
205 393 3
205 395 1
205 396 1
205 397 3
205 399 1
205 400 1
205 402 3
205 403 3
205 404 1
205 414 1
205 415 3
205 416 1
205 417 3
205 419 3
205 420 1
205 421 1
205 422 1
205 423 1
205 426 1
205 427 3
205 430 2
205 431 2
205 433 3
205 434 2
205 437 2
205 438 1
205 439 2
205 440 2
205 441 1
205 442 3
205 444 2
205 446 3
205 447 3
205 448 1
205 449 1
205 450 3
205 451 1
205 452 1
205 453 1
205 461 1
205 462 1
205 463 1
205 464 1
205 465 1
205 467 3
205 469 3
205 470 3
205 480 3
205 482 1
205 501 3
205 504 3
205 509 3
205 510 3
205 511 3
205 514 3
205 515 3
205 516 1
205 517 3
205 518 3
205 519 2
205 520 3
205 521 1
205 522 3
205 523 3
205 524 2
205 525 1
205 526 3
205 527 1
205 528 1
205 529 1
205 530 2
205 536 1
205 537 1
205 540 3
205 541 1
205 543 5
205 545 4
205 548 5
205 549 3
205 551 3
205 552 5
205 553 2
205 555 3
205 556 3
205 557 2
205 558 3
205 559 1
205 560 3
205 561 1
205 562 1
205 563 3
205 564 1
205 565 2
205 566 1
205 567 1
205 568 1
205 569 1
205 570 2
205 573 1
205 574 5
205 575 3
205 577 4
205 578 1
205 579 5
205 580 3
205 581 1
205 583 1
205 584 3
205 585 3
205 586 2
205 588 1
205 592 5
205 593 1
205 603 3
205 606 3
205 622 1
205 623 1
205 624 4
205 625 3
205 626 5
205 627 1
205 639 3
205 642 1
205 643 5
205 644 3
205 645 1
205 647 1
205 648 2
205 649 1
205 650 1
205 651 3
205 652 1
205 653 5
205 654 1
205 655 3
205 656 3
205 659 1
205 661 2
205 662 1
205 664 1
205 666 5
205 667 4
205 669 1
205 670 1
205 671 3
205 673 2
205 674 2
205 675 1
205 679 3
205 684 1
205 692 3
205 693 1
205 694 1
205 695 1
205 697 1
205 699 1
205 700 3
205 702 1
205 707 3
205 708 1
205 710 1
205 712 1
205 714 1
205 715 1
205 716 3
205 719 1
205 720 3
205 721 3
205 722 2
205 723 1
205 726 1
205 727 3
205 728 2
205 729 1
205 731 3
205 732 2
205 734 5
205 736 1
205 739 3
205 745 1
205 746 3
205 747 3
205 753 4
205 755 1
205 759 4
205 761 3
205 765 1
205 768 2
205 769 2
205 770 1
205 771 4
205 772 3
205 773 3
205 774 3
205 775 1
205 776 4
205 777 2
205 778 3
205 779 1
205 780 3
205 782 2
205 783 1
205 784 3
205 785 2
205 786 2
205 787 3
205 788 3
205 789 2
205 790 1
205 791 4
205 793 2
205 794 3
205 795 4
205 796 5
205 798 1
205 802 4
205 807 3
205 808 1
205 810 1
205 812 2
205 816 2
205 842 1
205 843 4
205 849 3
205 851 5
205 853 1
205 854 3
205 855 1
205 858 3
205 859 2
205 860 1
205 861 5
205 904 5
205 921 3
205 939 2
205 941 1
205 943 1
205 944 1
205 946 3
205 947 1
205 949 1
205 951 3
205 953 1
205 955 1
205 956 1
205 957 1
205 959 1
205 960 1
205 964 1
205 969 1
205 971 1
205 994 3
205 996 5
205 997 3
205 999 3
206 1 4
206 3 1
206 4 4
206 5 2
206 7 5
206 8 4
206 10 4
206 11 4
206 12 4
206 13 4
206 14 5
206 15 5
206 20 2
206 22 4
206 24 3
206 25 4
206 28 4
206 30 3
206 32 5
206 39 1
206 40 3
206 42 3
206 47 3
206 48 3
206 50 4
206 52 5
206 58 5
206 63 2
206 64 4
206 69 4
206 71 3
206 72 3
206 79 3
206 85 3
206 86 5
206 87 4
206 89 3
206 92 4
206 93 5
206 96 3
206 99 5
206 115 2
206 117 3
206 121 3
206 123 4
206 125 4
206 127 4
206 129 3
206 131 5
206 132 4
206 133 5
206 134 5
206 135 5
206 136 5
206 143 5
206 148 3
206 151 5
206 152 4
206 153 4
206 156 4
206 158 2
206 164 4
206 168 4
206 170 4
206 172 4
206 173 4
206 174 4
206 175 5
206 179 4
206 181 3
206 182 4
206 183 3
206 186 3
206 187 4
206 188 2
206 190 4
206 191 5
206 194 4
206 195 3
206 196 3
206 198 5
206 199 4
206 202 3
206 203 5
206 204 3
206 206 2
206 209 4
206 211 5
206 212 1
206 213 5
206 215 3
206 218 5
206 219 4
206 220 2
206 222 3
206 228 3
206 234 4
206 235 2
206 237 4
206 238 5
206 239 2
206 240 4
206 274 5
206 275 5
206 276 5
206 277 3
206 284 4
206 289 4
206 317 5
206 318 5
206 357 5
206 368 3
206 381 5
206 396 4
206 404 5
206 405 3
206 410 3
206 411 3
206 414 4
206 418 4
206 419 5
206 420 4
206 421 3
206 427 4
206 428 5
206 429 3
206 430 3
206 431 5
206 434 3
206 435 4
206 436 4
206 443 4
206 447 5
206 451 5
206 452 2
206 453 2
206 461 5
206 463 4
206 468 2
206 469 4
206 474 5
206 476 4
206 479 5
206 480 5
206 481 5
206 482 5
206 485 5
206 487 5
206 488 5
206 490 5
206 496 5
206 498 5
206 499 5
206 501 4
206 503 5
206 504 5
206 505 4
206 507 5
206 508 4
206 509 5
206 511 5
206 514 4
206 515 5
206 517 4
206 519 4
206 520 5
206 523 5
206 524 2
206 526 5
206 527 4
206 528 5
206 529 5
206 543 3
206 559 4
206 561 5
206 573 3
206 582 5
206 588 4
206 589 3
206 591 5
206 596 3
206 605 3
206 606 4
206 607 5
206 608 3
206 610 5
206 611 5
206 612 3
206 624 3
206 632 5
206 633 5
206 634 5
206 638 2
206 639 5
206 640 5
206 641 4
206 642 5
206 645 2
206 647 5
206 651 5
206 652 3
206 655 5
206 662 5
206 663 3
206 664 4
206 665 3
206 672 3
206 675 3
206 692 4
206 693 5
206 699 5
206 701 5
206 705 4
206 712 4
206 713 5
206 715 4
206 727 5
206 732 4
206 735 5
206 737 4
206 745 1
206 746 2
206 747 5
206 756 4
206 772 2
206 787 3
206 813 5
206 823 3
206 825 3
206 826 5
206 831 4
206 845 4
206 919 5
206 921 5
206 923 5
206 942 5
206 960 5
206 962 4
207 1 5
207 2 4
207 4 5
207 8 5
207 25 5
207 28 5
207 29 5
207 40 5
207 45 4
207 50 5
207 56 5
207 62 5
207 68 5
207 69 5
207 70 5
207 82 5
207 88 5
207 89 5
207 91 5
207 96 5
207 97 5
207 98 5
207 99 5
207 100 5
207 117 5
207 118 5
207 123 5
207 127 5
207 132 5
207 135 5
207 143 5
207 144 5
207 147 5
207 157 5
207 158 5
207 159 5
207 161 5
207 163 5
207 172 5
207 173 5
207 174 5
207 177 5
207 179 5
207 180 5
207 181 5
207 182 5
207 183 5
207 185 5
207 186 5
207 188 5
207 193 5
207 194 5
207 196 5
207 197 5
207 200 5
207 201 5
207 202 5
207 203 5
207 205 5
207 208 5
207 209 5
207 211 5
207 214 5
207 215 5
207 216 5
207 217 5
207 218 5
207 222 5
207 223 5
207 226 5
207 227 5
207 228 5
207 229 5
207 230 5
207 231 5
207 232 5
207 235 5
207 238 5
207 239 5
207 244 5
207 248 5
207 249 5
207 250 5
207 255 5
207 257 5
207 265 5
207 269 5
207 274 5
207 286 5
207 289 5
207 290 5
207 291 5
207 313 5
207 316 5
207 345 5
207 357 5
207 371 5
207 382 4
207 385 5
207 393 5
207 399 5
207 400 3
207 405 5
207 416 3
207 418 4
207 423 5
207 427 5
207 428 4
207 432 5
207 433 5
207 436 5
207 447 5
207 448 5
207 449 5
207 455 5
207 466 5
207 476 5
207 478 5
207 479 5
207 483 5
207 484 5
207 493 5
207 496 5
207 502 5
207 508 5
207 510 5
207 514 5
207 519 5
207 521 5
207 525 3
207 559 5
207 561 5
207 565 5
207 588 5
207 603 5
207 616 4
207 629 5
207 635 5
207 642 5
207 648 5
207 656 5
207 657 5
207 660 5
207 675 5
207 684 5
207 705 5
207 710 5
207 712 5
207 715 5
207 729 5
207 732 5
207 746 5
207 755 5
207 756 5
207 785 5
207 844 5
207 859 5
207 869 5
207 879 5
207 949 5
207 969 5
207 972 5
207 993 5
208 270 5
208 271 5
208 286 5
208 294 5
208 300 5
208 313 5
208 315 5
208 319 5
208 328 5
208 347 5
208 358 5
208 539 5
208 683 5
208 689 5
208 748 5
209 6 5
209 8 5
209 9 5
209 12 5
209 14 5
209 22 5
209 23 5
209 28 5
209 30 5
209 48 5
209 50 5
209 58 5
209 59 5
209 60 5
209 65 5
209 87 5
209 97 5
209 98 5
209 99 5
209 100 5
209 133 5
209 135 5
209 153 5
209 154 5
209 156 5
209 162 5
209 166 5
209 168 5
209 170 5
209 172 5
209 173 5
209 174 5
209 175 5
209 179 5
209 181 5
209 186 5
209 191 5
209 192 5
209 195 5
209 197 5
209 199 5
209 200 5
209 201 5
209 202 5
209 203 5
209 204 5
209 205 5
209 207 5
209 209 5
209 210 5
209 213 5
209 214 5
209 216 5
209 223 5
209 264 5
209 266 5
209 270 5
209 275 5
209 276 5
209 283 4
209 285 5
209 286 5
209 288 5
209 300 5
209 303 5
209 318 5
209 321 5
209 322 5
209 325 5
209 327 5
209 339 5
209 343 5
209 357 5
209 367 5
209 381 5
209 382 5
209 404 5
209 427 5
209 428 5
209 429 5
209 430 5
209 433 5
209 435 5
209 461 5
209 478 5
209 479 5
209 480 5
209 481 5
209 482 5
209 483 5
209 485 5
209 486 5
209 489 5
209 491 5
209 493 5
209 496 5
209 497 5
209 498 5
209 504 5
209 505 5
209 514 5
209 516 5
209 518 5
209 520 5
209 523 5
209 526 5
209 527 5
209 528 5
209 530 5
209 604 5
209 606 5
209 607 5
209 608 5
209 609 5
209 615 4
209 618 5
209 631 5
209 633 5
209 647 5
209 654 5
209 659 5
209 661 5
209 664 5
209 676 5
209 680 5
209 684 5
209 708 5
209 709 5
209 714 5
209 733 5
209 749 4
209 855 5
209 877 5
209 879 5
209 937 5
209 945 5
209 965 5
209 995 5
210 258 5
210 269 4
210 286 4
210 289 5
210 300 5
210 311 3
210 312 4
210 313 4
210 315 3
210 316 5
210 323 4
210 328 4
210 340 4
210 354 4
210 690 4
210 754 5
210 873 4
210 898 2
210 905 3
211 1 5
211 4 5
211 9 5
211 22 5
211 38 5
211 56 5
211 73 5
211 88 5
211 117 5
211 161 5
211 168 5
211 172 5
211 181 5
211 186 5
211 195 5
211 196 5
211 208 5
211 209 5
211 210 5
211 222 5
211 227 5
211 228 5
211 229 5
211 230 5
211 258 5
211 265 5
211 276 5
211 318 5
211 405 5
211 435 5
211 449 5
211 451 5
211 485 5
211 527 5
211 566 5
211 568 5
211 651 5
211 655 5
211 709 5
211 720 5
211 732 5
211 770 5
212 4 5
212 7 5
212 23 5
212 24 5
212 28 5
212 56 5
212 64 5
212 70 5
212 81 5
212 92 5
212 96 5
212 150 5
212 154 5
212 172 5
212 173 5
212 175 5
212 182 5
212 186 5
212 193 5
212 206 5
212 211 5
212 218 5
212 276 5
212 288 5
212 318 5
212 340 5
212 408 5
212 427 5
212 436 5
212 480 5
212 487 5
212 508 5
212 526 5
212 634 5
212 651 5
212 684 5
212 724 5
213 7 3
213 9 4
213 15 3
213 50 4
213 124 4
213 181 4
213 222 4
213 236 5
213 245 3
213 255 4
213 257 4
213 258 5
213 260 4
213 269 5
213 271 5
213 275 5
213 286 5
213 297 5
213 300 4
213 301 4
213 302 4
213 303 5
213 306 4
213 326 5
213 328 4
213 332 5
213 471 4
213 508 4
213 628 2
213 690 4
213 877 5
213 936 4
214 100 3
214 258 5
214 260 5
214 294 4
214 300 4
214 301 5
214 302 5
214 325 5
214 340 5
214 343 5
214 678 3
214 748 4
215 56 4
215 185 4
215 195 4
215 243 4
215 269 3
215 322 3
215 323 3
215 328 4
215 432 5
215 531 5
215 748 3
215 754 3
216 1 5
216 2 4
216 7 5
216 8 5
216 9 5
216 10 5
216 11 5
216 12 5
216 13 5
216 14 5
216 21 5
216 22 5
216 24 4
216 25 5
216 27 5
216 28 5
216 29 5
216 31 5
216 32 5
216 36 5
216 38 5
216 41 4
216 42 5
216 43 5
216 44 5
216 49 5
216 50 5
216 51 5
216 53 5
216 54 5
216 55 5
216 56 5
216 58 5
216 64 5
216 65 5
216 66 5
216 67 5
216 69 5
216 70 5
216 71 5
216 73 5
216 77 5
216 81 5
216 82 5
216 83 5
216 85 4
216 86 5
216 87 5
216 88 5
216 90 5
216 92 5
216 93 5
216 94 5
216 97 5
216 98 5
216 99 5
216 105 5
216 106 5
216 107 5
216 117 5
216 121 5
216 123 5
216 125 5
216 126 5
216 127 5
216 132 5
216 133 5
216 134 5
216 136 5
216 137 5
216 140 5
216 142 5
216 143 5
216 144 5
216 148 5
216 154 5
216 155 5
216 156 5
216 157 5
216 158 5
216 159 5
216 161 5
216 168 5
216 172 5
216 174 5
216 176 5
216 178 5
216 181 5
216 182 5
216 183 5
216 185 5
216 187 5
216 191 5
216 194 5
216 195 5
216 196 5
216 197 5
216 199 5
216 200 5
216 202 5
216 203 5
216 204 5
216 209 5
216 210 5
216 211 5
216 213 5
216 215 5
216 216 5
216 217 5
216 219 5
216 220 5
216 225 5
216 226 5
216 230 5
216 234 5
216 237 5
216 238 5
216 239 5
216 240 5
216 241 5
216 242 5
216 245 5
216 246 5
216 248 4
216 249 4
216 250 5
216 251 4
216 252 5
216 253 4
216 254 5
216 257 5
216 258 5
216 259 5
216 264 5
216 266 5
216 268 5
216 272 5
216 274 5
216 275 5
216 276 5
216 277 5
216 281 5
216 283 5
216 284 5
216 285 5
216 286 5
216 287 5
216 288 5
216 289 5
216 294 5
216 295 4
216 297 1
216 298 5
216 301 5
216 304 5
216 307 5
216 312 5
216 313 5
216 315 5
216 316 5
216 317 5
216 318 5
216 319 5
216 322 5
216 323 4
216 326 3
216 327 5
216 328 5
216 329 5
216 331 5
216 332 5
216 333 4
216 338 5
216 339 5
216 346 5
216 347 5
216 348 5
216 354 5
216 356 5
216 357 5
216 364 5
216 366 5
216 367 5
216 369 5
216 375 4
216 378 5
216 385 5
216 388 5
216 393 5
216 395 5
216 396 5
216 399 5
216 401 5
216 402 5
216 403 5
216 404 5
216 405 5
216 411 5
216 412 5
216 417 5
216 418 5
216 419 5
216 423 5
216 425 5
216 427 5
216 431 5
216 432 5
216 433 5
216 443 5
216 448 5
216 451 5
216 452 5
216 462 5
216 463 5
216 468 5
216 469 5
216 471 5
216 472 5
216 473 5
216 475 5
216 476 5
216 479 5
216 480 5
216 496 5
216 498 5
216 500 4
216 501 5
216 506 5
216 509 5
216 515 5
216 526 5
216 531 5
216 532 5
216 538 5
216 546 5
216 549 5
216 553 5
216 554 5
216 559 5
216 560 5
216 564 5
216 568 5
216 576 5
216 578 5
216 585 5
216 588 5
216 591 5
216 592 5
216 607 5
216 614 5
216 619 3
216 625 5
216 627 5
216 628 4
216 633 5
216 651 5
216 652 5
216 657 5
216 658 5
216 660 5
216 662 5
216 676 5
216 678 4
216 682 5
216 684 5
216 685 5
216 686 5
216 689 5
216 690 5
216 693 5
216 696 5
216 699 5
216 707 5
216 708 5
216 710 5
216 712 5
216 713 5
216 717 5
216 720 5
216 721 5
216 723 5
216 724 5
216 729 5
216 734 5
216 735 5
216 737 5
216 738 5
216 739 5
216 746 5
216 747 5
216 748 4
216 750 5
216 754 5
216 755 5
216 761 5
216 762 5
216 768 5
216 770 5
216 775 5
216 778 5
216 781 5
216 783 5
216 785 5
216 790 5
216 792 5
216 794 5
216 795 5
216 803 4
216 807 5
216 812 5
216 815 5
216 819 3
216 821 5
216 824 5
216 827 5
216 833 5
216 834 5
216 840 5
216 842 5
216 843 5
216 845 5
216 849 3
216 864 5
216 866 5
216 873 4
216 874 5
216 879 5
216 895 4
216 915 5
216 916 5
216 917 5
216 918 3
216 928 5
216 929 5
216 931 5
216 934 5
216 936 5
216 937 5
216 938 5
216 941 5
216 955 5
216 959 5
216 966 5
216 972 5
216 975 5
216 980 5
216 985 4
216 990 5
216 997 5
217 1 5
217 3 3
217 5 5
217 7 4
217 11 4
217 12 5
217 13 4
217 15 5
217 16 5
217 17 5
217 20 5
217 23 5
217 27 5
217 29 4
217 32 5
217 39 5
217 42 5
217 44 3
217 47 4
217 50 4
217 51 5
217 55 4
217 56 4
217 58 5
217 62 5
217 63 5
217 64 5
217 65 5
217 67 4
217 68 4
217 69 5
217 70 4
217 72 4
217 73 5
217 77 4
217 78 4
217 79 5
217 80 5
217 81 4
217 82 4
217 83 4
217 89 5
217 91 4
217 95 4
217 96 4
217 97 5
217 98 5
217 99 5
217 100 4
217 101 4
217 106 5
217 109 5
217 118 3
217 120 5
217 122 4
217 123 5
217 125 4
217 127 4
217 131 5
217 132 5
217 135 5
217 139 5
217 142 3
217 144 5
217 145 4
217 147 4
217 154 5
217 157 5
217 159 3
217 162 5
217 164 5
217 167 5
217 168 5
217 169 5
217 171 5
217 172 5
217 173 5
217 174 4
217 176 5
217 178 5
217 179 5
217 181 4
217 182 4
217 183 4
217 184 5
217 186 5
217 190 5
217 195 4
217 196 5
217 198 5
217 200 5
217 201 4
217 202 4
217 206 5
217 207 5
217 208 5
217 214 5
217 216 5
217 217 3
217 218 5
217 219 4
217 222 4
217 223 5
217 226 4
217 228 4
217 232 3
217 234 5
217 235 4
217 242 5
217 245 4
217 246 5
217 248 5
217 250 4
217 252 4
217 255 4
217 257 5
217 258 4
217 260 4
217 264 3
217 265 4
217 270 5
217 273 4
217 286 5
217 288 4
217 290 5
217 293 5
217 294 3
217 298 3
217 323 5
217 324 3
217 325 3
217 326 4
217 340 3
217 357 5
217 358 5
217 364 5
217 367 4
217 373 3
217 380 3
217 382 5
217 385 5
217 386 4
217 388 4
217 391 4
217 392 5
217 393 5
217 395 5
217 396 3
217 399 3
217 402 4
217 403 4
217 404 5
217 413 3
217 419 4
217 420 5
217 421 4
217 422 4
217 423 4
217 425 4
217 428 5
217 431 3
217 433 5
217 436 4
217 441 3
217 444 3
217 447 5
217 449 5
217 451 4
217 452 5
217 461 4
217 465 4
217 472 4
217 474 5
217 475 4
217 483 5
217 484 5
217 485 5
217 498 5
217 501 4
217 508 3
217 513 5
217 518 4
217 541 3
217 544 4
217 545 1
217 546 4
217 551 4
217 552 5
217 555 3
217 559 3
217 561 5
217 562 5
217 563 2
217 574 1
217 578 4
217 579 1
217 582 4
217 596 4
217 597 4
217 614 5
217 616 4
217 625 3
217 628 4
217 631 5
217 636 3
217 638 5
217 640 5
217 642 4
217 655 4
217 658 5
217 665 3
217 668 1
217 669 4
217 674 5
217 679 4
217 684 3
217 685 3
217 692 5
217 708 5
217 709 5
217 710 5
217 715 3
217 723 4
217 725 5
217 727 5
217 728 5
217 732 4
217 742 5
217 746 4
217 747 5
217 748 4
217 758 4
217 762 5
217 764 5
217 765 3
217 767 4
217 769 4
217 774 3
217 778 5
217 781 5
217 783 4
217 792 5
217 796 5
217 797 2
217 800 5
217 804 5
217 809 3
217 810 5
217 815 4
217 825 4
217 827 3
217 831 4
217 849 2
217 855 5
217 871 4
217 895 3
217 923 5
217 928 5
217 940 5
217 943 5
217 944 4
217 946 3
217 963 5
217 979 4
217 999 5
217 1000 5
218 258 2
218 269 1
218 288 1
218 301 2
218 302 1
218 313 2
218 327 1
218 328 1
218 331 1
218 362 3
218 750 1
218 895 1
218 899 3
219 50 5
219 79 5
219 89 4
219 100 4
219 173 4
219 181 5
219 223 4
219 257 5
219 275 5
219 286 5
219 405 5
219 478 5
219 488 5
219 615 5
219 617 5
219 705 5
220 19 5
220 86 5
220 100 5
220 116 5
220 137 5
220 251 5
220 275 5
220 283 5
220 302 5
220 319 5
220 331 5
220 408 5
220 475 5
220 478 5
220 508 5
220 513 5
220 603 5
220 750 5
220 753 5
221 4 5
221 7 5
221 11 5
221 12 5
221 50 5
221 56 5
221 82 5
221 87 5
221 89 5
221 96 5
221 100 5
221 117 5
221 124 5
221 127 3
221 129 4
221 144 5
221 156 5
221 164 5
221 172 5
221 174 5
221 175 5
221 176 5
221 182 4
221 183 5
221 185 5
221 194 5
221 200 5
221 213 5
221 218 5
221 219 5
221 238 4
221 302 5
221 333 5
221 443 5
221 448 5
221 466 5
221 516 4
221 517 5
221 653 3
221 657 5
221 672 5
221 709 5
221 879 4
221 914 5
221 915 5
222 1 4
222 15 3
222 50 4
222 53 5
222 98 4
222 100 5
222 109 5
222 117 4
222 124 3
222 126 4
222 127 3
222 129 5
222 137 4
222 151 3
222 181 4
222 184 5
222 200 4
222 201 4
222 217 5
222 219 4
222 222 4
222 235 5
222 250 5
222 257 4
222 258 4
222 260 4
222 270 4
222 273 4
222 276 4
222 286 4
222 287 4
222 288 5
222 293 5
222 294 4
222 299 5
222 307 4
222 324 5
222 326 4
222 327 3
222 334 5
222 370 4
222 379 3
222 396 5
222 410 4
222 436 3
222 447 3
222 448 4
222 452 4
222 458 5
222 475 4
222 477 3
222 515 3
222 551 3
222 558 3
222 559 4
222 561 5
222 590 4
222 665 4
222 670 4
222 671 4
222 672 5
222 682 4
222 742 5
222 760 2
222 854 1
222 867 1
222 919 5
222 922 2
222 926 5
223 9 5
223 15 4
223 127 4
223 148 4
223 237 4
223 245 3
223 258 4
223 269 4
223 272 5
223 276 4
223 282 4
223 286 4
223 299 3
223 300 3
223 304 5
223 307 4
223 310 5
223 313 4
223 315 4
223 322 3
223 323 4
223 326 5
223 327 4
223 328 4
223 329 5
223 333 3
223 340 4
223 344 4
223 347 3
223 355 5
223 471 5
223 546 4
223 591 4
223 628 3
223 678 4
223 689 4
223 696 5
223 744 4
223 748 3
223 750 4
223 754 3
223 823 5
223 879 5
223 898 4
223 924 3
223 977 4
224 1 5
224 14 5
224 15 5
224 25 5
224 50 5
224 100 5
224 115 5
224 127 5
224 151 5
224 172 5
224 243 5
224 261 5
224 275 5
224 288 5
224 289 5
224 310 5
224 323 5
224 333 5
224 427 5
224 508 5
224 538 5
224 681 5
224 683 5
224 689 5
224 882 5
225 1 5
225 2 5
225 7 5
225 17 3
225 22 5
225 24 5
225 32 5
225 38 5
225 39 5
225 53 3
225 55 5
225 62 4
225 68 5
225 79 5
225 82 5
225 83 5
225 98 5
225 100 5
225 117 5
225 118 4
225 121 5
225 124 5
225 127 5
225 144 5
225 147 5
225 156 5
225 168 5
225 171 5
225 172 5
225 174 5
225 176 5
225 177 5
225 178 5
225 180 5
225 183 5
225 185 5
225 187 5
225 188 5
225 191 5
225 195 5
225 198 5
225 200 5
225 201 5
225 204 5
225 207 5
225 209 5
225 210 5
225 218 5
225 222 5
225 227 5
225 229 5
225 230 5
225 231 4
225 232 5
225 234 5
225 241 5
225 244 5
225 250 5
225 252 4
225 257 5
225 259 4
225 271 5
225 272 5
225 273 5
225 281 4
225 286 5
225 288 5
225 298 5
225 302 5
225 305 5
225 307 4
225 310 5
225 313 5
225 316 5
225 318 5
225 322 4
225 323 5
225 324 4
225 325 4
225 327 5
225 333 5
225 338 5
225 340 5
225 343 4
225 346 5
225 355 5
225 357 5
225 358 5
225 362 5
225 363 4
225 379 2
225 385 5
225 398 3
225 424 2
225 429 5
225 445 4
225 447 5
225 448 5
225 452 2
225 474 5
225 475 5
225 491 5
225 515 5
225 520 5
225 522 5
225 529 5
225 538 5
225 540 4
225 550 5
225 562 4
225 566 5
225 568 5
225 573 3
225 576 5
225 583 4
225 590 1
225 597 5
225 636 5
225 669 3
225 670 4
225 675 5
225 678 5
225 679 3
225 686 5
225 690 5
225 748 4
225 750 5
225 751 5
225 759 5
225 823 3
225 825 3
225 831 4
225 841 4
225 853 5
225 877 4
225 879 5
225 895 5
225 912 5
225 943 5
225 976 4
226 23 5
226 50 5
226 98 5
226 99 5
226 133 5
226 134 5
226 135 5
226 168 5
226 174 5
226 178 5
226 182 5
226 185 5
226 191 5
226 196 5
226 197 5
226 199 5
226 200 5
226 204 5
226 208 5
226 211 5
226 318 5
226 418 5
226 427 5
226 428 5
226 430 5
226 432 5
226 435 5
226 474 5
226 478 5
226 480 5
226 483 5
226 486 5
226 488 5
226 490 5
226 491 5
226 492 5
226 493 5
226 494 5
226 504 5
226 505 5
226 510 5
226 511 5
226 524 5
226 525 5
226 526 5
226 601 5
226 603 5
226 605 5
226 606 5
226 607 4
226 608 5
226 610 5
226 613 5
226 614 5
226 616 5
226 631 5
226 633 5
226 646 5
226 648 4
226 651 5
226 653 5
226 654 5
226 655 5
226 657 5
226 673 5
226 705 5
226 754 2
226 835 5
226 836 5
226 848 1
227 245 5
227 258 5
227 263 5
227 286 5
227 292 5
227 300 5
227 302 5
227 303 5
227 304 5
227 319 5
227 332 5
227 341 5
227 359 4
227 680 5
227 681 5
227 682 5
227 688 5
227 874 5
228 243 3
228 259 4
228 268 5
228 271 4
228 272 5
228 286 5
228 289 5
228 294 5
228 300 5
228 301 5
228 305 5
228 307 5
228 312 5
228 313 5
228 322 5
228 323 5
228 326 5
228 329 3
228 332 5
228 334 5
228 338 4
228 344 4
228 350 3
228 538 5
228 690 5
228 750 5
228 875 5
228 877 4
228 879 5
228 886 5
228 896 5
228 908 5
228 988 5
229 1 4
229 2 3
229 3 5
229 4 4
229 7 4
229 8 2
229 12 3
229 15 3
229 21 5
229 22 4
229 23 5
229 24 2
229 26 3
229 28 3
229 31 3
229 32 3
229 45 1
229 47 3
229 48 2
229 50 4
229 52 2
229 53 3
229 55 3
229 56 3
229 58 2
229 62 2
229 63 3
229 64 3
229 66 3
229 68 1
229 69 3
229 70 3
229 72 2
229 73 3
229 77 2
229 79 3
229 81 2
229 82 2
229 83 2
229 85 4
229 86 2
229 87 4
229 88 3
229 89 2
229 90 3
229 91 2
229 92 2
229 93 3
229 95 3
229 96 3
229 97 3
229 101 2
229 109 4
229 114 5
229 117 4
229 118 3
229 123 4
229 124 2
229 127 2
229 128 4
229 132 3
229 133 2
229 134 4
229 137 4
229 140 1
229 141 1
229 143 2
229 144 4
229 150 4
229 151 4
229 153 3
229 154 2
229 157 1
229 159 3
229 161 3
229 162 3
229 163 4
229 164 3
229 165 4
229 166 3
229 168 3
229 170 2
229 172 4
229 174 3
229 178 4
229 179 2
229 181 4
229 183 3
229 184 4
229 185 4
229 186 4
229 188 2
229 190 1
229 191 2
229 193 2
229 195 4
229 197 4
229 201 4
229 202 3
229 203 2
229 207 2
229 208 3
229 209 4
229 210 3
229 211 3
229 214 2
229 216 3
229 218 3
229 219 4
229 223 2
229 225 4
229 229 2
229 232 3
229 233 2
229 237 3
229 238 4
229 248 1
229 249 2
229 250 2
229 258 2
229 264 2
229 265 3
229 273 3
229 274 4
229 275 4
229 276 4
229 277 1
229 280 2
229 281 4
229 282 2
229 283 3
229 288 3
229 290 5
229 291 2
229 298 4
229 301 2
229 318 2
229 319 1
229 321 3
229 340 1
229 356 2
229 365 3
229 366 4
229 367 3
229 371 5
229 378 2
229 385 3
229 387 4
229 392 1
229 393 3
229 403 3
229 404 3
229 405 3
229 410 4
229 411 3
229 415 4
229 418 3
229 419 2
229 423 2
229 427 4
229 428 3
229 431 2
229 432 3
229 433 3
229 435 3
229 436 2
229 441 4
229 448 3
229 455 3
229 457 3
229 464 2
229 466 4
229 467 4
229 468 5
229 470 5
229 473 3
229 475 3
229 480 3
229 481 4
229 482 4
229 483 2
229 484 4
229 485 3
229 491 5
229 493 3
229 495 4
229 496 3
229 499 1
229 500 1
229 502 3
229 504 3
229 505 4
229 508 3
229 511 3
229 514 4
229 520 3
229 527 1
229 531 1
229 535 5
229 537 1
229 546 4
229 549 3
229 550 3
229 566 4
229 568 2
229 569 4
229 570 3
229 578 1
229 581 1
229 584 2
229 591 3
229 602 3
229 603 3
229 611 1
229 625 2
229 627 3
229 628 4
229 629 3
229 631 2
229 633 4
229 635 4
229 636 2
229 640 3
229 642 3
229 652 1
229 654 2
229 655 2
229 658 3
229 662 1
229 665 2
229 671 5
229 672 4
229 673 3
229 679 1
229 684 3
229 692 2
229 693 3
229 700 1
229 702 5
229 705 3
229 708 4
229 709 4
229 710 1
229 726 3
229 729 4
229 732 4
229 735 3
229 742 3
229 744 1
229 747 2
229 755 3
229 756 4
229 761 5
229 762 3
229 763 3
229 768 2
229 780 4
229 794 4
229 804 5
229 805 3
229 806 3
229 820 3
229 826 3
229 833 5
229 845 3
229 847 3
229 921 2
229 928 4
229 941 5
229 944 3
229 961 1
229 967 3
229 972 3
230 9 2
230 10 5
230 12 4
230 19 3
230 42 4
230 50 4
230 56 3
230 98 3
230 100 3
230 101 5
230 117 2
230 129 4
230 137 3
230 152 5
230 164 4
230 165 2
230 181 3
230 221 4
230 222 3
230 234 5
230 237 2
230 248 3
230 253 5
230 258 2
230 264 5
230 273 3
230 276 2
230 286 3
230 288 3
230 293 1
230 294 3
230 300 2
230 302 3
230 318 2
230 328 3
230 436 5
230 514 3
230 515 4
230 527 4
230 528 4
230 547 5
230 628 3
230 674 5
231 286 5
231 307 5
231 322 5
231 323 5
231 327 5
231 358 5
231 538 5
231 690 5
231 748 5
231 879 5
231 988 4
232 1 5
232 7 5
232 24 5
232 50 5
232 93 5
232 100 5
232 108 5
232 109 5
232 111 5
232 117 5
232 118 5
232 121 5
232 123 5
232 151 5
232 181 5
232 222 5
232 246 5
232 248 5
232 249 5
232 250 5
232 257 5
232 258 5
232 274 5
232 276 5
232 284 5
232 294 5
232 295 4
232 300 5
232 315 5
232 322 5
232 405 5
232 410 5
232 411 4
232 471 5
232 508 5
232 546 5
232 620 5
232 628 5
232 678 5
232 742 5
232 763 5
232 815 5
232 844 3
232 845 5
233 59 3
233 60 3
233 95 5
233 173 5
233 174 5
233 194 5
233 246 5
233 268 5
233 269 5
233 273 5
233 276 5
233 293 5
233 302 5
233 303 5
233 322 5
233 323 5
233 326 5
233 333 5
233 340 5
233 435 5
233 474 5
233 507 5
233 657 5
233 682 5
233 690 5
233 748 5
233 754 5
233 919 5
234 9 5
234 111 5
234 121 5
234 125 5
234 147 5
234 148 5
234 151 5
234 225 5
234 274 5
234 275 5
234 283 5
234 287 5
234 288 5
234 347 5
234 369 5
234 406 5
234 471 5
234 476 5
234 546 5
234 628 5
234 756 5
234 763 5
234 815 5
234 819 5
234 833 5
234 844 5
234 928 5
234 975 5
235 1 3
235 3 3
235 4 3
235 5 3
235 7 2
235 9 3
235 11 4
235 12 2
235 15 3
235 21 3
235 22 4
235 23 4
235 24 4
235 25 3
235 27 4
235 28 4
235 31 3
235 38 3
235 40 3
235 42 2
235 45 5
235 49 4
235 50 3
235 52 4
235 54 4
235 62 3
235 63 4
235 64 3
235 67 3
235 68 3
235 69 3
235 71 3
235 72 4
235 73 4
235 80 4
235 82 3
235 83 4
235 85 4
235 86 3
235 89 3
235 95 3
235 96 3
235 100 2
235 105 4
235 108 3
235 109 3
235 111 4
235 115 1
235 117 5
235 118 4
235 121 3
235 122 4
235 123 3
235 125 3
235 128 5
235 132 2
235 135 2
235 136 4
235 141 3
235 148 4
235 151 2
235 152 3
235 153 3
235 154 3
235 156 2
235 157 3
235 159 3
235 160 2
235 161 3
235 162 3
235 163 3
235 164 2
235 167 3
235 168 3
235 171 3
235 172 3
235 173 3
235 174 3
235 175 3
235 176 4
235 182 3
235 183 2
235 184 5
235 185 3
235 186 4
235 187 4
235 188 4
235 190 5
235 191 3
235 195 3
235 196 3
235 199 3
235 200 4
235 204 4
235 206 3
235 211 2
235 214 2
235 215 3
235 216 4
235 217 4
235 218 4
235 219 3
235 222 3
235 225 2
235 226 5
235 227 3
235 228 3
235 229 3
235 230 3
235 234 4
235 239 4
235 240 3
235 245 3
235 246 4
235 250 2
235 252 4
235 254 3
235 255 5
235 257 2
235 258 3
235 260 3
235 264 5
235 273 3
235 284 4
235 290 5
235 291 3
235 294 3
235 299 3
235 300 4
235 307 5
235 313 3
235 317 3
235 318 3
235 321 3
235 327 4
235 331 4
235 338 4
235 343 3
235 351 4
235 354 5
235 357 2
235 358 4
235 367 4
235 369 4
235 376 4
235 380 3
235 381 3
235 382 3
235 384 3
235 385 3
235 386 4
235 392 4
235 393 5
235 394 2
235 399 5
235 402 5
235 403 4
235 404 5
235 410 3
235 411 3
235 413 3
235 423 3
235 424 3
235 431 3
235 433 3
235 434 4
235 435 4
235 436 4
235 443 4
235 447 3
235 448 4
235 451 5
235 455 5
235 462 2
235 465 5
235 470 3
235 473 1
235 474 2
235 476 4
235 520 5
235 541 4
235 542 4
235 546 4
235 550 5
235 554 3
235 561 2
235 566 4
235 567 5
235 568 5
235 569 3
235 571 5
235 572 4
235 573 5
235 576 4
235 577 3
235 578 4
235 584 4
235 587 4
235 588 3
235 597 4
235 616 5
235 625 5
235 628 2
235 631 4
235 637 5
235 640 4
235 649 5
235 652 2
235 655 4
235 659 5
235 665 3
235 672 5
235 673 3
235 675 5
235 679 4
235 684 3
235 693 5
235 696 5
235 697 4
235 710 4
235 713 2
235 715 4
235 717 3
235 720 4
235 729 5
235 732 4
235 743 2
235 746 5
235 748 4
235 751 5
235 752 1
235 756 4
235 760 3
235 762 5
235 780 3
235 781 4
235 786 5
235 790 4
235 792 5
235 797 5
235 800 4
235 820 2
235 821 1
235 825 4
235 826 2
235 831 3
235 834 4
235 841 3
235 845 4
235 862 4
235 885 4
235 890 3
235 895 4
235 924 3
235 926 4
235 928 4
235 929 2
235 943 5
235 944 4
235 961 2
235 977 4
235 983 4
236 21 4
236 23 5
236 26 3
236 38 5
236 39 5
236 43 1
236 47 5
236 65 5
236 66 4
236 72 4
236 73 5
236 83 3
236 90 4
236 92 5
236 95 3
236 96 5
236 98 5
236 102 3
236 111 5
236 125 4
236 132 4
236 133 4
236 157 5
236 159 4
236 161 5
236 168 5
236 172 5
236 174 5
236 179 5
236 186 5
236 200 5
236 204 5
236 215 5
236 216 5
236 217 5
236 218 5
236 219 5
236 226 5
236 238 5
236 265 5
236 276 5
236 287 5
236 288 5
236 313 5
236 325 5
236 327 5
236 340 5
236 347 4
236 367 5
236 381 4
236 392 4
236 400 3
236 411 4
236 433 4
236 447 5
236 454 5
236 503 5
236 504 5
236 506 4
236 537 3
236 546 5
236 553 5
236 559 5
236 568 5
236 581 5
236 585 5
236 595 5
236 628 5
236 642 5
236 649 5
236 655 4
236 658 3
236 660 3
236 708 5
236 710 4
236 715 4
236 721 2
236 723 1
236 739 4
236 742 5
236 746 5
236 748 5
236 761 4
236 762 4
236 785 1
236 787 1
236 790 4
236 794 2
236 821 4
236 845 4
236 895 5
236 974 5
237 5 4
237 11 5
237 12 5
237 14 4
237 28 5
237 30 4
237 42 4
237 47 4
237 50 5
237 56 5
237 58 5
237 65 4
237 69 5
237 70 4
237 77 4
237 79 5
237 82 5
237 83 4
237 86 4
237 87 5
237 88 5
237 89 5
237 90 4
237 91 5
237 95 5
237 97 4
237 98 5
237 99 5
237 111 5
237 116 5
237 118 5
237 124 5
237 131 5
237 132 5
237 133 4
237 134 4
237 137 5
237 143 5
237 144 5
237 145 4
237 151 3
237 154 5
237 155 4
237 161 4
237 162 4
237 166 4
237 168 5
237 170 4
237 173 5
237 174 5
237 176 5
237 179 5
237 180 4
237 181 5
237 183 5
237 185 5
237 186 4
237 190 4
237 191 5
237 195 5
237 197 5
237 204 5
237 207 5
237 208 4
237 211 4
237 212 3
237 213 5
237 214 4
237 216 5
237 217 5
237 218 5
237 219 5
237 229 5
237 234 4
237 237 5
237 238 5
237 239 4
237 244 5
237 253 4
237 254 4
237 265 5
237 275 5
237 276 5
237 281 5
237 283 5
237 286 5
237 287 2
237 288 5
237 292 5
237 301 5
237 318 5
237 378 5
237 381 3
237 393 5
237 402 3
237 404 5
237 412 5
237 415 1
237 418 5
237 419 5
237 421 5
237 423 4
237 428 4
237 432 5
237 433 5
237 435 5
237 436 4
237 447 4
237 450 5
237 451 5
237 463 5
237 466 4
237 473 5
237 478 5
237 480 5
237 482 5
237 483 5
237 484 5
237 485 5
237 496 4
237 497 4
237 499 5
237 501 5
237 507 5
237 512 5
237 514 5
237 517 5
237 518 5
237 521 3
237 523 5
237 559 4
237 566 5
237 581 4
237 582 4
237 583 3
237 584 4
237 588 5
237 603 4
237 607 4
237 614 5
237 629 5
237 640 4
237 642 5
237 651 5
237 652 5
237 654 5
237 655 5
237 657 5
237 660 4
237 663 4
237 665 5
237 672 5
237 674 5
237 683 5
237 684 5
237 692 4
237 696 5
237 697 5
237 698 3
237 699 3
237 702 2
237 705 5
237 707 3
237 708 4
237 709 4
237 710 5
237 727 4
237 730 4
237 732 4
237 736 3
237 737 4
237 739 4
237 746 4
237 747 5
237 748 5
237 753 3
237 755 5
237 770 4
237 778 5
237 781 3
237 794 4
237 812 4
237 842 5
237 843 4
237 946 5
237 955 5
237 969 5
238 15 5
238 21 5
238 100 5
238 118 5
238 121 5
238 181 5
238 220 5
238 237 5
238 245 5
238 255 5
238 269 5
238 280 5
238 286 5
238 321 5
238 471 5
238 476 5
238 815 5
238 866 5
239 7 5
239 13 5
239 14 5
239 100 5
239 121 5
239 147 5
239 237 5
239 240 5
239 242 5
239 246 5
239 257 5
239 273 5
239 276 5
239 282 5
239 285 5
239 288 5
239 301 5
239 405 5
239 475 5
239 591 5
239 895 5
240 70 5
240 171 5
240 198 5
240 242 5
240 243 4
240 271 5
240 272 5
240 283 5
240 300 5
240 310 5
240 312 5
240 313 5
240 328 5
240 329 5
240 340 5
240 350 4
240 512 5
240 515 5
240 582 5
240 690 5
240 736 5
240 749 5
240 750 5
240 751 5
240 886 5
240 904 5
240 921 5
240 937 5
241 1 5
241 7 5
241 9 5
241 15 5
241 25 5
241 121 5
241 259 5
241 288 5
241 294 5
241 683 5
242 7 3
242 11 2
242 12 2
242 14 3
242 17 2
242 22 2
242 26 3
242 27 1
242 29 2
242 31 2
242 33 2
242 38 1
242 39 2
242 41 5
242 42 4
242 44 2
242 53 3
242 54 2
242 55 3
242 56 3
242 62 2
242 64 3
242 67 2
242 68 2
242 79 2
242 82 2
242 98 2
242 100 4
242 117 2
242 129 5
242 144 2
242 150 5
242 154 2
242 156 2
242 159 3
242 161 2
242 168 4
242 174 2
242 176 3
242 177 3
242 182 3
242 184 3
242 186 3
242 195 2
242 203 2
242 204 3
242 209 3
242 210 2
242 219 3
242 226 1
242 228 2
242 229 2
242 230 2
242 231 2
242 234 3
242 240 4
242 273 3
242 276 2
242 281 3
242 286 3
242 288 2
242 294 3
242 318 2
242 342 2
242 350 3
242 367 1
242 385 1
242 401 4
242 403 2
242 410 3
242 436 3
242 449 1
242 452 4
242 482 4
242 508 4
242 546 2
242 554 2
242 559 2
242 569 2
242 572 4
242 576 3
242 578 1
242 591 3
242 628 2
242 635 5
242 636 4
242 672 2
242 684 1
242 685 2
242 695 5
242 710 1
242 746 1
242 769 3
242 780 3
242 800 3
242 810 4
242 834 3
242 873 3
242 943 5
242 975 2
243 12 5
243 271 5
243 309 5
243 313 5
243 340 5
243 343 5
243 358 5
243 644 5
243 678 5
243 687 5
244 9 5
244 50 5
244 100 5
244 245 5
244 251 5
244 258 5
244 275 5
244 748 5
244 751 5
244 906 5
244 912 5
244 916 5
245 7 3
245 9 3
245 23 1
245 28 1
245 50 3
245 55 3
245 64 3
245 79 3
245 87 4
245 100 3
245 117 2
245 118 2
245 121 2
245 123 4
245 127 3
245 144 3
245 147 1
245 150 3
245 174 3
245 181 3
245 195 3
245 203 4
245 204 2
245 208 3
245 209 3
245 221 2
245 235 3
245 237 3
245 245 3
245 246 3
245 248 3
245 273 3
245 276 2
245 291 3
245 293 1
245 295 4
245 310 4
245 313 3
245 324 3
245 325 3
245 330 3
245 333 3
245 340 3
245 346 3
245 405 2
245 408 4
245 410 2
245 460 3
245 475 3
245 479 3
245 480 3
245 504 3
245 544 3
245 591 3
245 595 4
245 597 3
245 603 3
245 628 3
245 644 4
245 689 3
245 742 3
245 744 4
245 748 3
245 762 2
245 763 3
245 818 1
245 823 2
245 829 3
245 831 3
245 840 1
245 844 3
245 845 2
245 881 4
245 886 4
245 895 2
245 908 1
245 919 4
245 959 4
245 979 1
246 268 5
246 269 5
246 270 5
246 288 5
246 292 5
246 294 5
246 301 5
246 302 5
246 303 5
246 326 5
246 327 5
246 328 5
246 332 5
246 334 5
246 359 1
246 688 4
246 690 5
246 754 5
246 883 5
246 887 5
246 888 5
247 1 5
247 5 5
247 7 5
247 9 5
247 11 5
247 17 5
247 27 5
247 28 5
247 31 5
247 55 5
247 56 5
247 65 5
247 68 5
247 69 5
247 70 5
247 89 5
247 91 5
247 96 5
247 98 5
247 100 5
247 111 5
247 117 5
247 123 5
247 135 5
247 144 5
247 147 5
247 148 5
247 150 5
247 151 5
247 153 5
247 156 5
247 157 5
247 158 5
247 174 5
247 176 5
247 180 5
247 183 5
247 204 5
247 206 5
247 209 5
247 218 5
247 222 5
247 227 5
247 231 5
247 233 5
247 234 5
247 248 5
247 252 5
247 260 5
247 281 5
247 284 5
247 286 5
247 288 5
247 290 5
247 293 5
247 298 5
247 300 5
247 367 5
247 405 5
247 410 5
247 435 5
247 447 5
247 469 5
247 470 5
247 483 5
247 484 5
247 498 5
247 544 5
247 546 5
247 559 5
247 582 5
247 591 5
247 597 5
247 629 5
247 642 5
247 678 5
247 742 5
247 748 5
247 760 5
247 815 5
247 823 5
247 845 5
247 866 5
247 926 5
247 963 5
247 981 5
248 262 2
248 268 2
248 269 1
248 271 2
248 286 1
248 292 2
248 301 2
248 303 1
248 305 2
248 307 2
248 319 3
248 321 1
248 327 3
248 333 1
248 338 4
248 340 2
248 344 1
248 750 1
248 884 4
248 896 3
248 900 2
248 902 2
249 9 5
249 15 5
249 59 5
249 60 5
249 61 5
249 100 5
249 117 5
249 118 5
249 122 4
249 127 5
249 137 5
249 170 5
249 171 5
249 179 5
249 212 5
249 224 5
249 248 5
249 251 5
249 269 5
249 273 5
249 276 5
249 285 5
249 286 5
249 288 5
249 291 5
249 293 5
249 310 5
249 337 4
249 381 5
249 410 5
249 459 5
249 473 4
249 546 5
249 558 5
249 742 5
249 748 4
249 753 2
249 763 4
249 936 5
249 983 5
250 1 4
250 2 3
250 3 5
250 4 4
250 7 5
250 10 5
250 12 5
250 13 5
250 15 4
250 26 4
250 28 4
250 29 3
250 35 5
250 38 5
250 39 5
250 49 4
250 51 4
250 54 5
250 56 4
250 58 4
250 60 4
250 64 5
250 65 3
250 66 5
250 67 5
250 70 4
250 71 4
250 73 2
250 77 5
250 79 4
250 80 4
250 81 5
250 82 4
250 83 5
250 86 5
250 87 3
250 88 5
250 89 4
250 90 4
250 92 4
250 94 4
250 95 4
250 97 4
250 98 4
250 99 4
250 100 4
250 101 5
250 110 5
250 112 2
250 114 4
250 117 3
250 121 3
250 123 4
250 125 3
250 126 5
250 127 4
250 131 5
250 132 5
250 133 5
250 134 5
250 135 5
250 136 5
250 139 5
250 141 5
250 142 5
250 143 5
250 144 3
250 145 5
250 152 3
250 153 4
250 154 5
250 155 3
250 157 5
250 158 2
250 161 4
250 162 5
250 163 5
250 164 5
250 166 5
250 167 4
250 168 3
250 169 2
250 173 4
250 174 4
250 176 4
250 177 5
250 179 4
250 180 5
250 182 5
250 183 4
250 185 5
250 187 5
250 191 4
250 192 5
250 193 5
250 194 5
250 195 4
250 196 4
250 197 4
250 199 5
250 200 4
250 202 4
250 203 5
250 204 4
250 205 5
250 207 5
250 208 5
250 210 4
250 211 5
250 215 5
250 216 4
250 218 3
250 222 4
250 223 5
250 225 3
250 226 3
250 227 4
250 229 4
250 231 4
250 233 3
250 237 4
250 238 4
250 239 3
250 241 4
250 245 5
250 252 4
250 254 5
250 258 5
250 264 5
250 265 4
250 269 5
250 270 5
250 272 5
250 274 5
250 275 4
250 277 5
250 278 3
250 280 3
250 281 5
250 282 4
250 283 5
250 288 4
250 290 4
250 292 5
250 294 4
250 299 5
250 300 5
250 301 5
250 302 5
250 304 4
250 305 4
250 310 5
250 311 5
250 312 5
250 313 5
250 315 5
250 316 5
250 328 5
250 332 3
250 340 5
250 354 3
250 357 4
250 367 4
250 371 3
250 373 1
250 378 4
250 380 5
250 381 5
250 382 5
250 383 4
250 384 5
250 385 5
250 387 5
250 393 4
250 395 3
250 396 5
250 400 3
250 401 5
250 402 4
250 414 4
250 416 5
250 417 4
250 418 4
250 419 5
250 421 5
250 422 3
250 428 5
250 431 4
250 432 5
250 433 4
250 434 5
250 435 4
250 443 5
250 448 5
250 451 5
250 455 3
250 462 5
250 465 4
250 467 4
250 469 5
250 470 5
250 471 4
250 472 3
250 474 5
250 476 3
250 477 3
250 478 4
250 479 5
250 480 5
250 481 5
250 482 4
250 483 5
250 484 4
250 487 5
250 488 5
250 490 3
250 491 5
250 493 3
250 494 4
250 495 5
250 496 5
250 497 5
250 499 5
250 500 5
250 502 5
250 503 5
250 505 4
250 506 5
250 507 5
250 509 4
250 510 5
250 511 5
250 514 5
250 518 5
250 520 3
250 523 5
250 525 4
250 526 5
250 527 5
250 528 5
250 530 5
250 535 5
250 549 5
250 550 3
250 553 5
250 557 5
250 558 5
250 559 5
250 561 5
250 566 5
250 568 4
250 570 5
250 582 5
250 583 5
250 589 5
250 591 5
250 602 3
250 604 5
250 606 5
250 607 4
250 608 5
250 609 5
250 610 5
250 611 5
250 612 5
250 613 5
250 614 5
250 618 5
250 620 5
250 622 4
250 629 5
250 630 5
250 631 5
250 632 5
250 633 5
250 637 5
250 642 5
250 647 5
250 648 3
250 650 5
250 651 4
250 655 3
250 657 5
250 659 4
250 660 5
250 661 4
250 663 5
250 673 5
250 679 5
250 685 3
250 686 2
250 689 5
250 692 5
250 693 2
250 700 5
250 704 5
250 705 4
250 707 5
250 708 5
250 709 5
250 710 5
250 712 5
250 714 5
250 715 5
250 716 4
250 717 5
250 723 4
250 727 5
250 728 5
250 729 3
250 731 5
250 735 4
250 736 5
250 742 3
250 747 4
250 748 4
250 751 5
250 761 5
250 762 4
250 765 5
250 771 4
250 774 5
250 775 4
250 778 5
250 783 5
250 785 4
250 790 3
250 792 3
250 794 5
250 801 4
250 807 3
250 815 3
250 821 5
250 823 4
250 832 5
250 837 3
250 842 4
250 845 4
250 846 4
250 847 5
250 865 1
250 869 1
250 873 4
250 878 4
250 900 5
250 902 1
250 904 5
250 905 3
250 908 3
250 921 5
250 923 5
250 926 4
250 928 5
250 934 5
250 936 5
250 939 5
250 940 2
250 942 3
250 951 4
250 956 5
250 965 5
250 966 2
250 967 4
250 969 5
251 242 1
251 243 1
251 259 3
251 260 2
251 262 3
251 268 3
251 269 2
251 270 1
251 286 2
251 288 2
251 289 3
251 292 2
251 294 2
251 299 2
251 300 2
251 301 2
251 303 3
251 305 3
251 307 2
251 308 3
251 319 1
251 322 2
251 323 3
251 325 4
251 327 1
251 328 2
251 329 1
251 330 3
251 331 3
251 332 4
251 333 3
251 336 5
251 337 3
251 359 3
251 360 4
251 457 3
251 680 2
251 681 3
251 682 2
251 687 3
251 749 5
251 872 3
251 874 4
251 875 3
251 877 4
251 879 3
251 880 4
251 881 1
251 882 3
251 883 4
251 884 1
251 937 4
251 938 4
251 984 3
251 989 4
251 991 3
251 995 2
252 7 5
252 8 5
252 14 5
252 22 5
252 25 5
252 27 5
252 45 5
252 48 5
252 52 5
252 58 5
252 60 5
252 61 5
252 62 5
252 64 5
252 66 5
252 69 5
252 70 5
252 73 5
252 86 5
252 88 5
252 89 5
252 96 5
252 97 5
252 99 5
252 111 5
252 121 5
252 124 5
252 127 5
252 132 5
252 134 5
252 135 5
252 136 5
252 143 5
252 152 5
252 154 5
252 156 5
252 161 5
252 162 5
252 163 5
252 168 5
252 170 5
252 171 5
252 173 5
252 174 5
252 180 5
252 181 5
252 183 5
252 185 5
252 186 5
252 187 5
252 188 5
252 191 5
252 194 5
252 195 5
252 197 5
252 201 5
252 202 5
252 203 5
252 204 5
252 207 5
252 212 5
252 216 5
252 234 5
252 237 5
252 243 5
252 245 5
252 259 5
252 269 5
252 276 5
252 286 5
252 294 5
252 318 5
252 371 5
252 384 5
252 404 5
252 418 5
252 419 5
252 420 5
252 423 5
252 427 5
252 430 5
252 432 5
252 435 5
252 443 5
252 455 5
252 458 5
252 461 5
252 462 5
252 465 5
252 467 5
252 472 5
252 479 5
252 482 5
252 483 5
252 485 5
252 488 5
252 491 5
252 492 5
252 494 5
252 495 5
252 496 5
252 498 5
252 502 5
252 506 5
252 510 5
252 513 5
252 517 5
252 518 5
252 521 5
252 523 5
252 526 5
252 530 5
252 531 5
252 554 5
252 576 5
252 588 5
252 597 5
252 603 5
252 609 5
252 614 5
252 615 5
252 624 5
252 631 5
252 636 5
252 641 5
252 648 5
252 654 5
252 659 5
252 660 5
252 684 5
252 729 5
252 736 5
252 780 5
252 781 5
252 792 5
252 805 5
252 815 5
252 863 5
252 874 5
252 924 5
252 947 5
252 969 5
252 971 5
253 3 5
253 4 5
253 7 5
253 9 5
253 11 5
253 12 5
253 17 5
253 22 5
253 24 5
253 33 5
253 42 5
253 48 5
253 49 5
253 50 5
253 53 5
253 59 5
253 68 4
253 69 5
253 73 5
253 79 5
253 80 5
253 93 5
253 94 5
253 97 5
253 98 5
253 100 5
253 117 5
253 122 5
253 125 5
253 132 5
253 143 5
253 154 5
253 156 5
253 157 5
253 158 5
253 164 5
253 168 5
253 172 5
253 174 5
253 181 5
253 186 5
253 188 5
253 196 5
253 204 5
253 210 5
253 231 5
253 233 3
253 238 5
253 239 4
253 246 5
253 248 5
253 254 5
253 258 5
253 268 5
253 276 5
253 288 5
253 298 4
253 318 5
253 354 5
253 356 5
253 357 5
253 364 5
253 367 5
253 369 4
253 384 5
253 385 5
253 393 5
253 401 5
253 402 5
253 410 5
253 412 5
253 416 5
253 421 5
253 423 5
253 424 5
253 427 5
253 456 4
253 471 5
253 475 5
253 476 5
253 496 5
253 508 5
253 509 5
253 515 5
253 550 5
253 552 5
253 566 5
253 568 5
253 578 5
253 586 3
253 591 4
253 628 5
253 651 5
253 655 5
253 684 5
253 693 5
253 697 5
253 717 5
253 721 5
253 742 5
253 871 5
253 959 5
253 963 5
253 975 5
254 1 3
254 11 2
254 12 2
254 15 4
254 22 3
254 28 4
254 50 3
254 51 3
254 55 3
254 56 3
254 58 4
254 66 4
254 69 3
254 70 3
254 73 1
254 76 4
254 77 3
254 79 3
254 82 4
254 87 3
254 88 3
254 89 3
254 96 3
254 97 3
254 98 4
254 99 4
254 100 3
254 107 3
254 114 2
254 117 2
254 118 4
254 121 3
254 124 5
254 131 3
254 133 3
254 134 4
254 136 4
254 143 3
254 144 3
254 153 2
254 161 3
254 162 3
254 164 3
254 169 3
254 172 3
254 173 3
254 174 3
254 181 3
254 182 4
254 185 3
254 191 3
254 195 3
254 196 3
254 197 4
254 199 3
254 202 3
254 203 2
254 204 4
254 210 3
254 211 3
254 215 3
254 222 2
254 228 4
254 234 4
254 237 2
254 245 3
254 248 4
254 250 2
254 255 3
254 257 2
254 258 2
254 259 2
254 260 2
254 270 3
254 272 3
254 277 4
254 279 5
254 286 2
254 289 2
254 293 5
254 300 2
254 310 1
254 315 1
254 316 3
254 317 4
254 318 4
254 322 3
254 323 2
254 326 5
254 356 2
254 357 4
254 378 5
254 385 2
254 392 2
254 414 3
254 418 4
254 419 4
254 423 4
254 427 3
254 431 1
254 434 2
254 435 3
254 451 2
254 465 4
254 468 5
254 474 4
254 478 3
254 479 3
254 482 4
254 483 5
254 484 5
254 485 3
254 487 5
254 490 5
254 492 5
254 493 3
254 496 4
254 497 4
254 507 5
254 509 4
254 519 4
254 520 3
254 526 3
254 528 3
254 531 3
254 566 3
254 568 3
254 603 4
254 605 5
254 607 2
254 610 2
254 612 5
254 614 5
254 627 2
254 631 1
254 633 3
254 642 3
254 649 5
254 651 3
254 654 5
254 655 3
254 657 4
254 659 3
254 660 2
254 661 4
254 678 3
254 685 3
254 686 5
254 692 3
254 693 1
254 694 4
254 705 2
254 707 4
254 724 5
254 735 3
254 736 4
254 740 3
254 742 4
254 746 2
254 836 1
254 837 3
254 842 4
254 873 3
254 875 2
254 879 1
254 939 2
254 945 3
254 956 3
254 968 1
255 1 5
255 2 5
255 4 5
255 7 5
255 8 5
255 9 5
255 12 5
255 14 5
255 17 5
255 20 5
255 24 5
255 25 5
255 31 5
255 39 5
255 40 5
255 42 5
255 44 5
255 47 5
255 53 5
255 56 5
255 57 5
255 58 5
255 64 5
255 69 5
255 70 5
255 71 5
255 87 5
255 95 5
255 96 5
255 97 5
255 98 5
255 100 5
255 118 5
255 123 5
255 125 5
255 126 5
255 127 5
255 135 5
255 148 5
255 161 5
255 170 5
255 174 5
255 176 5
255 191 5
255 196 5
255 197 5
255 204 5
255 214 5
255 217 5
255 222 5
255 223 5
255 228 5
255 234 5
255 237 5
255 241 5
255 245 5
255 252 5
255 255 5
255 257 5
255 265 5
255 270 5
255 275 5
255 276 5
255 277 5
255 279 5
255 281 5
255 282 5
255 288 5
255 289 5
255 291 5
255 292 5
255 293 5
255 300 5
255 301 5
255 304 5
255 307 5
255 313 5
255 317 5
255 318 5
255 321 5
255 323 5
255 334 5
255 343 5
255 380 5
255 382 5
255 393 5
255 402 5
255 405 5
255 423 5
255 428 5
255 447 5
255 455 5
255 462 5
255 465 5
255 471 5
255 475 5
255 504 5
255 508 5
255 511 5
255 515 5
255 518 5
255 529 5
255 531 5
255 582 5
255 584 5
255 591 5
255 597 5
255 627 5
255 628 5
255 629 5
255 647 5
255 660 5
255 678 5
255 692 5
255 694 5
255 709 5
255 724 5
255 727 5
255 738 5
255 747 5
255 755 5
255 778 5
255 898 5
255 934 4
255 939 5
256 1 5
256 3 5
256 4 5
256 9 5
256 12 5
256 13 5
256 22 5
256 23 5
256 32 5
256 42 5
256 46 5
256 50 5
256 53 5
256 54 5
256 57 2
256 60 5
256 61 5
256 68 5
256 69 5
256 71 5
256 79 5
256 80 5
256 86 5
256 91 5
256 92 5
256 95 5
256 97 5
256 100 5
256 101 5
256 111 5
256 121 5
256 125 5
256 127 5
256 133 5
256 135 5
256 143 5
256 161 5
256 168 5
256 170 5
256 172 5
256 174 5
256 175 5
256 177 5
256 179 5
256 181 5
256 182 5
256 185 5
256 186 5
256 187 5
256 188 5
256 194 5
256 196 5
256 197 5
256 200 5
256 202 5
256 210 5
256 211 5
256 218 5
256 222 5
256 226 5
256 228 5
256 231 5
256 232 5
256 234 5
256 238 5
256 268 5
256 273 5
256 274 5
256 282 5
256 286 5
256 294 5
256 325 5
256 346 5
256 357 5
256 366 5
256 369 5
256 380 5
256 403 5
256 410 5
256 414 5
256 419 5
256 421 5
256 423 5
256 427 5
256 431 5
256 432 5
256 433 5
256 443 5
256 448 5
256 449 5
256 452 5
256 460 4
256 461 5
256 462 5
256 474 5
256 475 5
256 479 5
256 484 5
256 490 5
256 498 5
256 505 4
256 506 5
256 508 5
256 523 5
256 546 5
256 559 5
256 568 5
256 578 5
256 581 5
256 582 5
256 603 5
256 608 5
256 616 5
256 640 5
256 655 5
256 658 5
256 660 5
256 662 5
256 672 5
256 673 5
256 693 5
256 696 5
256 708 5
256 710 5
256 715 5
256 720 5
256 721 5
256 737 5
256 743 5
256 763 5
256 789 5
256 806 5
256 818 5
256 845 5
256 864 5
256 919 5
256 922 5
256 933 5
256 943 3
256 955 5
256 959 5
256 963 5
256 979 5
256 985 5
257 4 5
257 7 5
257 8 5
257 9 5
257 11 5
257 12 5
257 14 5
257 15 5
257 20 5
257 27 5
257 31 5
257 38 5
257 44 5
257 45 5
257 48 5
257 50 5
257 51 5
257 52 5
257 53 5
257 54 5
257 56 5
257 57 5
257 58 5
257 59 5
257 62 5
257 64 5
257 65 5
257 66 5
257 70 5
257 77 5
257 79 5
257 82 5
257 83 5
257 86 5
257 89 5
257 91 5
257 94 5
257 96 5
257 97 5
257 100 5
257 105 5
257 114 5
257 117 5
257 118 5
257 122 5
257 127 5
257 132 5
257 134 5
257 137 5
257 143 5
257 144 5
257 148 5
257 151 5
257 155 5
257 156 5
257 157 5
257 161 5
257 162 5
257 164 5
257 168 5
257 172 5
257 173 5
257 174 5
257 176 5
257 180 5
257 181 5
257 182 5
257 183 5
257 185 5
257 186 5
257 190 5
257 191 5
257 192 5
257 193 5
257 194 5
257 195 5
257 196 5
257 197 5
257 200 5
257 203 5
257 204 5
257 209 5
257 214 5
257 215 5
257 216 5
257 218 5
257 219 5
257 226 5
257 229 5
257 230 5
257 231 5
257 232 5
257 234 5
257 235 5
257 237 5
257 239 5
257 240 5
257 241 5
257 243 5
257 248 5
257 257 5
257 258 5
257 265 5
257 282 5
257 285 5
257 288 5
257 304 5
257 318 5
257 357 5
257 366 5
257 370 5
257 372 5
257 373 5
257 378 5
257 380 5
257 385 5
257 393 5
257 395 5
257 401 5
257 402 5
257 403 5
257 405 5
257 410 5
257 411 5
257 412 5
257 417 5
257 425 5
257 428 5
257 436 5
257 443 5
257 448 5
257 450 5
257 452 5
257 453 5
257 455 5
257 456 5
257 458 5
257 462 5
257 469 5
257 470 5
257 471 5
257 472 5
257 473 5
257 474 5
257 476 5
257 483 5
257 500 4
257 507 5
257 509 5
257 527 5
257 529 5
257 531 5
257 540 4
257 546 5
257 549 5
257 553 5
257 559 5
257 566 5
257 568 5
257 582 5
257 584 5
257 588 5
257 597 5
257 623 5
257 628 5
257 629 5
257 631 5
257 632 5
257 636 5
257 640 5
257 651 5
257 655 5
257 658 5
257 664 5
257 673 5
257 679 5
257 692 5
257 699 5
257 704 5
257 708 5
257 709 5
257 717 5
257 720 5
257 722 5
257 727 5
257 729 5
257 732 5
257 739 5
257 742 5
257 744 5
257 747 5
257 755 5
257 756 5
257 758 5
257 769 5
257 770 5
257 775 5
257 783 5
257 792 5
257 819 5
257 825 5
257 841 5
257 845 5
257 871 5
257 931 5
257 934 5
257 948 5
257 949 5
257 959 5
257 980 5
258 8 5
258 9 5
258 12 5
258 13 5
258 14 5
258 20 5
258 23 5
258 25 5
258 28 5
258 32 5
258 48 5
258 50 5
258 57 5
258 58 5
258 86 5
258 96 5
258 98 5
258 117 5
258 121 5
258 124 5
258 126 5
258 127 5
258 129 5
258 134 5
258 143 5
258 144 5
258 147 5
258 152 5
258 169 5
258 174 5
258 178 5
258 179 5
258 180 5
258 181 5
258 182 5
258 183 5
258 189 5
258 190 5
258 191 5
258 192 5
258 193 5
258 195 5
258 203 5
258 208 5
258 209 5
258 234 5
258 237 5
258 238 5
258 245 5
258 250 5
258 255 5
258 273 5
258 278 5
258 282 5
258 283 5
258 284 5
258 285 5
258 286 5
258 287 5
258 288 5
258 293 5
258 298 5
258 301 5
258 304 5
258 307 5
258 317 5
258 318 5
258 319 5
258 321 5
258 330 2
258 333 5
258 346 5
258 357 5
258 387 5
258 405 5
258 408 5
258 410 5
258 423 5
258 425 5
258 427 5
258 430 5
258 467 5
258 469 5
258 473 5
258 474 5
258 496 5
258 509 5
258 514 5
258 517 5
258 521 5
258 526 5
258 529 5
258 530 5
258 546 5
258 582 5
258 588 5
258 589 5
258 591 5
258 597 5
258 603 5
258 632 5
258 644 5
258 648 5
258 651 5
258 654 5
258 663 5
258 685 5
258 694 5
258 696 5
258 704 5
258 709 5
258 717 5
258 736 5
258 742 5
258 750 5
258 753 5
258 792 5
258 844 5
258 847 5
258 896 5
258 925 4
258 939 5
258 952 5
258 956 5
258 980 5
259 1 5
259 3 4
259 7 5
259 8 5
259 15 5
259 16 4
259 19 4
259 22 5
259 25 5
259 100 5
259 108 5
259 111 5
259 117 5
259 120 4
259 121 5
259 123 5
259 134 5
259 147 4
259 148 5
259 164 5
259 172 5
259 174 5
259 181 5
259 194 5
259 216 5
259 220 4
259 222 5
259 225 5
259 230 5
259 245 5
259 249 5
259 250 4
259 255 3
259 258 5
259 264 5
259 278 4
259 282 4
259 286 5
259 289 5
259 291 5
259 295 3
259 300 5
259 301 4
259 322 5
259 323 5
259 328 5
259 332 5
259 333 5
259 336 5
259 357 5
259 358 5
259 411 5
259 472 5
259 473 5
259 523 5
259 546 5
259 568 5
259 596 5
259 597 5
259 651 5
259 676 4
259 678 5
259 685 5
259 687 5
259 742 5
259 748 5
259 815 5
259 825 5
259 827 4
259 832 4
259 846 5
259 864 4
259 866 4
259 873 4
259 879 5
259 934 5
259 969 5
259 978 4
259 989 5
260 1 5
260 7 5
260 10 5
260 14 5
260 20 4
260 117 5
260 127 5
260 129 5
260 146 3
260 221 4
260 224 1
260 242 5
260 248 5
260 250 5
260 253 5
260 257 5
260 258 5
260 273 5
260 275 4
260 276 5
260 279 1
260 286 5
260 289 5
260 294 5
260 297 5
260 301 5
260 302 5
260 303 5
260 307 5
260 311 5
260 322 5
260 327 5
260 458 5
260 515 5
260 532 5
260 591 5
260 676 5
260 713 5
260 744 5
261 121 5
261 158 5
261 242 5
261 255 5
261 269 5
261 285 5
261 302 4
261 304 5
261 319 5
261 347 5
261 682 5
262 11 5
262 22 5
262 100 5
262 136 3
262 237 5
262 259 5
262 271 5
262 288 5
262 289 5
262 292 5
262 300 5
262 313 5
262 321 5
262 332 5
262 358 4
262 678 5
262 682 5
262 866 5
262 895 5
263 3 3
263 7 5
263 10 5
263 14 5
263 15 5
263 20 5
263 24 4
263 50 5
263 93 4
263 100 5
263 103 4
263 107 5
263 112 5
263 116 5
263 117 5
263 121 4
263 124 5
263 126 5
263 127 5
263 137 4
263 147 3
263 149 5
263 150 4
263 151 5
263 221 5
263 224 5
263 225 4
263 235 4
263 242 5
263 243 4
263 244 4
263 248 5
263 249 5
263 250 5
263 253 5
263 257 5
263 258 5
263 268 5
263 270 4
263 274 5
263 282 4
263 283 4
263 284 4
263 285 5
263 288 3
263 301 4
263 304 5
263 306 5
263 311 5
263 319 4
263 347 5
263 362 4
263 455 4
263 472 3
263 473 4
263 475 3
263 477 3
263 508 4
263 544 5
263 593 5
263 596 4
263 597 4
263 689 3
263 741 5
263 744 4
263 751 5
263 819 5
263 845 5
263 864 4
263 870 4
263 880 4
263 887 5
263 926 2
263 930 4
263 950 5
263 952 2
263 988 3
263 993 4
264 16 5
264 116 5
264 176 5
264 181 5
264 194 5
264 248 5
264 258 5
264 260 5
264 269 5
264 286 5
264 289 5
264 293 5
264 298 5
264 300 5
264 301 5
264 321 5
264 322 5
264 328 5
264 333 5
264 358 5
264 482 5
264 603 5
264 678 5
264 705 5
264 709 5
264 748 5
264 879 5
265 1 5
265 7 5
265 8 5
265 12 5
265 22 5
265 28 5
265 32 5
265 56 5
265 64 5
265 87 5
265 97 5
265 100 5
265 109 5
265 114 5
265 132 5
265 134 5
265 136 5
265 143 5
265 154 5
265 169 5
265 172 5
265 174 5
265 175 5
265 179 5
265 180 5
265 181 5
265 190 5
265 191 5
265 194 5
265 198 5
265 199 5
265 202 5
265 257 5
265 258 5
265 283 5
265 286 5
265 300 5
265 318 5
265 319 5
265 395 5
265 404 5
265 423 5
265 428 5
265 474 5
265 475 5
265 478 5
265 481 5
265 496 5
265 529 5
265 584 5
265 588 5
265 603 5
265 615 5
265 638 5
265 651 5
265 656 5
265 705 5
265 855 5
266 2 5
266 11 5
266 22 5
266 24 5
266 27 5
266 50 5
266 55 5
266 56 5
266 62 5
266 79 5
266 87 5
266 89 5
266 95 5
266 96 5
266 98 5
266 117 5
266 127 5
266 128 5
266 144 5
266 174 5
266 181 5
266 182 5
266 183 5
266 184 5
266 187 5
266 188 5
266 210 5
266 231 5
266 232 5
266 258 5
266 265 5
266 268 5
266 269 5
266 273 5
266 288 5
266 292 5
266 294 5
266 302 5
266 306 5
266 308 5
266 313 5
266 315 5
266 321 5
266 324 5
266 326 5
266 327 5
266 328 5
266 331 5
266 333 5
266 334 5
266 346 5
266 349 5
266 350 5
266 354 5
266 357 5
266 385 5
266 405 5
266 455 5
266 518 5
266 546 5
266 550 5
266 566 5
266 568 5
266 651 5
266 682 5
266 748 5
266 873 5
266 882 4
266 885 3
266 898 5
266 902 5
266 908 4
266 995 5
267 7 5
267 10 5
267 24 5
267 50 5
267 93 5
267 100 5
267 108 5
267 109 5
267 150 5
267 240 5
267 246 5
267 248 5
267 249 5
267 264 5
267 268 5
267 269 5
267 273 5
267 276 5
267 298 5
267 327 5
267 340 5
267 455 5
267 475 5
267 742 5
267 762 5
267 919 5
268 1 4
268 4 5
268 7 3
268 8 4
268 13 5
268 15 4
268 19 5
268 22 5
268 23 5
268 25 4
268 31 5
268 39 5
268 42 3
268 47 4
268 51 4
268 56 4
268 58 4
268 69 5
268 70 5
268 71 4
268 95 4
268 96 4
268 97 5
268 98 4
268 100 4
268 111 4
268 116 5
268 118 4
268 121 4
268 126 5
268 132 5
268 137 5
268 144 3
268 150 3
268 153 4
268 157 4
268 159 3
268 160 5
268 170 5
268 172 4
268 173 4
268 178 5
268 180 5
268 181 3
268 182 5
268 191 5
268 192 5
268 195 5
268 200 5
268 209 4
268 214 2
268 216 4
268 222 3
268 238 5
268 246 3
268 251 5
268 257 2
268 258 3
268 273 4
268 283 4
268 285 5
268 293 5
268 294 3
268 297 5
268 318 5
268 321 4
268 357 5
268 367 5
268 377 3
268 405 3
268 411 3
268 423 5
268 427 5
268 428 4
268 435 5
268 462 5
268 469 4
268 471 4
268 475 3
268 498 5
268 507 4
268 529 5
268 544 4
268 582 5
268 603 5
268 612 5
268 642 3
268 655 5
268 662 5
268 692 5
268 699 5
268 724 4
268 742 4
268 826 4
268 856 4
268 926 3
268 952 3
269 64 5
269 65 5
269 127 5
269 134 5
269 136 5
269 153 5
269 194 5
269 199 5
269 215 5
269 286 5
269 306 5
269 483 5
269 484 5
269 490 5
269 495 5
269 507 5
269 511 5
269 520 5
269 530 5
269 582 5
269 605 5
269 610 5
269 611 5
269 641 5
269 654 5
269 656 5
269 705 5
269 855 5
269 923 5
270 1 5
270 7 5
270 9 5
270 13 5
270 19 4
270 50 5
270 93 5
270 100 5
270 118 5
270 125 5
270 150 5
270 181 5
270 221 3
270 235 5
270 248 5
270 257 5
270 258 5
270 276 5
270 283 5
270 284 5
270 285 5
270 286 5
270 293 4
270 294 5
270 295 5
270 360 5
270 458 5
270 471 5
270 475 5
270 508 5
270 544 5
270 546 5
270 813 5
270 824 5
270 919 5
270 950 5
270 952 5
271 1 5
271 8 5
271 50 5
271 94 5
271 95 5
271 99 5
271 140 5
271 225 5
271 404 5
271 418 5
271 477 5
271 501 5
271 596 5
271 768 5
271 878 4
271 932 5
271 969 5
272 1 5
272 2 5
272 3 5
272 4 5
272 7 5
272 11 5
272 12 5
272 21 4
272 24 5
272 27 5
272 28 5
272 29 5
272 33 5
272 38 5
272 41 5
272 43 5
272 49 5
272 51 5
272 56 5
272 63 5
272 64 5
272 66 5
272 68 5
272 69 5
272 71 5
272 72 5
272 73 5
272 78 5
272 79 5
272 80 4
272 82 5
272 88 5
272 90 5
272 94 5
272 97 5
272 99 5
272 101 5
272 109 5
272 117 5
272 118 5
272 120 5
272 121 5
272 122 5
272 123 5
272 132 5
272 135 5
272 141 5
272 151 5
272 161 5
272 168 5
272 172 5
272 173 5
272 174 5
272 175 5
272 177 5
272 181 5
272 183 5
272 185 5
272 186 5
272 193 5
272 195 5
272 196 5
272 204 5
272 210 5
272 215 5
272 217 5
272 218 5
272 226 5
272 228 5
272 229 5
272 232 5
272 233 5
272 234 5
272 239 5
272 240 5
272 250 5
272 254 5
272 255 5
272 258 5
272 260 5
272 271 5
272 288 5
272 313 5
272 318 5
272 323 5
272 343 5
272 355 4
272 358 5
272 362 5
272 365 5
272 368 4
272 370 5
272 373 5
272 374 5
272 375 4
272 378 5
272 380 5
272 384 5
272 386 5
272 391 5
272 392 5
272 393 5
272 395 5
272 400 4
272 401 5
272 404 5
272 411 5
272 416 5
272 417 5
272 418 5
272 431 5
272 443 5
272 449 5
272 465 5
272 473 5
272 475 5
272 477 4
272 485 5
272 496 5
272 501 5
272 541 5
272 546 5
272 548 5
272 550 5
272 552 5
272 559 5
272 561 5
272 562 4
272 567 5
272 568 5
272 569 5
272 576 5
272 577 5
272 578 5
272 584 5
272 588 5
272 597 5
272 609 5
272 625 5
272 633 5
272 655 5
272 665 5
272 672 5
272 685 5
272 689 5
272 715 5
272 720 5
272 739 5
272 742 5
272 743 5
272 746 5
272 747 5
272 751 5
272 755 5
272 756 5
272 758 5
272 760 5
272 763 5
272 768 5
272 771 5
272 780 5
272 790 5
272 796 4
272 810 4
272 826 5
272 834 5
272 877 5
272 890 5
272 895 5
272 924 5
272 928 5
272 930 5
272 931 5
272 940 5
272 946 5
272 951 5
272 977 5
273 7 5
273 9 5
273 10 5
273 14 5
273 25 5
273 116 5
273 124 5
273 129 5
273 137 5
273 242 5
273 257 5
273 275 5
273 276 5
273 293 5
273 302 5
273 303 5
273 319 5
273 327 5
273 547 5
273 813 5
274 7 5
274 8 5
274 11 5
274 12 5
274 13 5
274 14 5
274 15 5
274 22 5
274 23 5
274 26 5
274 42 5
274 44 5
274 45 5
274 48 5
274 50 5
274 52 5
274 58 5
274 60 5
274 61 5
274 64 5
274 66 5
274 68 5
274 69 5
274 70 5
274 71 5
274 72 5
274 73 5
274 76 5
274 77 5
274 79 5
274 83 5
274 86 5
274 87 5
274 88 5
274 89 5
274 92 5
274 97 5
274 98 5
274 99 5
274 100 5
274 107 5
274 116 5
274 117 5
274 121 5
274 131 5
274 132 5
274 134 5
274 135 5
274 136 5
274 141 5
274 150 5
274 161 5
274 168 5
274 170 5
274 171 5
274 172 5
274 173 5
274 175 5
274 176 5
274 178 5
274 179 5
274 180 5
274 181 5
274 182 5
274 183 5
274 191 5
274 192 5
274 193 5
274 194 5
274 195 5
274 196 5
274 198 5
274 203 5
274 205 5
274 207 5
274 208 5
274 210 5
274 211 5
274 212 5
274 215 5
274 216 5
274 218 5
274 221 5
274 227 5
274 230 5
274 234 5
274 237 5
274 238 5
274 244 5
274 248 5
274 252 5
274 257 5
274 258 5
274 265 5
274 274 5
274 275 5
274 276 5
274 282 5
274 283 5
274 285 5
274 288 5
274 289 5
274 291 5
274 293 5
274 298 5
274 302 5
274 313 5
274 315 5
274 316 5
274 317 5
274 322 5
274 326 5
274 346 5
274 356 5
274 380 5
274 382 5
274 385 5
274 410 5
274 414 5
274 416 5
274 418 5
274 419 5
274 430 5
274 434 5
274 435 5
274 436 5
274 461 5
274 462 5
274 463 5
274 470 5
274 474 5
274 475 5
274 478 5
274 480 5
274 481 5
274 483 5
274 484 5
274 486 5
274 488 5
274 489 5
274 490 5
274 491 5
274 493 5
274 495 5
274 496 5
274 497 5
274 498 5
274 499 5
274 503 5
274 506 5
274 507 5
274 508 5
274 511 5
274 513 5
274 514 5
274 517 5
274 518 5
274 519 5
274 520 5
274 521 5
274 525 5
274 526 5
274 527 5
274 528 5
274 529 5
274 530 5
274 553 5
274 566 5
274 584 5
274 591 5
274 601 5
274 602 5
274 603 5
274 604 5
274 605 5
274 607 5
274 610 5
274 614 5
274 615 5
274 618 5
274 628 5
274 633 5
274 641 5
274 642 5
274 646 5
274 648 5
274 649 5
274 651 5
274 653 5
274 657 5
274 659 5
274 660 5
274 661 5
274 664 5
274 676 5
274 684 5
274 685 5
274 692 5
274 696 5
274 697 5
274 699 5
274 705 5
274 707 5
274 708 5
274 709 5
274 735 5
274 736 5
274 744 5
274 756 5
274 789 5
274 792 5
274 836 5
274 848 5
274 921 5
274 923 5
274 939 5
274 943 5
274 945 5
274 963 5
274 966 5
274 971 5
274 996 5
275 70 5
275 100 5
275 127 5
275 259 5
275 286 5
275 313 5
275 381 5
276 4 1
276 26 1
276 33 2
276 56 2
276 63 3
276 67 2
276 72 3
276 73 2
276 80 1
276 83 3
276 88 3
276 168 3
276 173 4
276 175 3
276 186 2
276 202 3
276 204 2
276 209 3
276 211 3
276 216 2
276 232 3
276 238 2
276 239 2
276 288 4
276 294 3
276 300 4
276 328 4
276 343 3
276 367 1
276 386 1
276 435 1
276 579 1
276 648 1
276 655 2
276 692 2
276 710 2
276 712 4
276 715 1
276 734 2
276 738 2
276 748 3
276 765 3
276 781 2
276 790 2
276 792 2
276 890 4
276 944 1
276 999 4
277 20 5
277 25 5
277 36 5
277 49 5
277 88 5
277 90 5
277 237 5
277 255 5
277 282 5
277 289 5
277 294 5
277 369 5
277 553 5
277 709 5
277 722 5
277 731 5
277 732 5
277 756 5
277 781 5
277 846 5
278 1 5
278 7 5
278 17 3
278 23 5
278 26 5
278 28 5
278 40 5
278 42 5
278 48 5
278 50 5
278 65 5
278 69 5
278 72 5
278 77 5
278 79 5
278 81 4
278 93 3
278 98 5
278 111 4
278 122 4
278 134 5
278 143 5
278 145 3
278 151 5
278 160 5
278 161 5
278 188 5
278 196 5
278 216 5
278 218 5
278 219 5
278 222 5
278 231 5
278 237 5
278 238 4
278 255 4
278 276 5
278 282 5
278 288 5
278 300 5
278 318 5
278 327 5
278 340 5
278 350 5
278 354 5
278 357 5
278 367 5
278 369 4
278 381 4
278 392 5
278 403 5
278 410 5
278 412 5
278 427 5
278 447 5
278 451 5
278 467 5
278 469 5
278 518 3
278 568 5
278 591 5
278 604 5
278 616 5
278 655 5
278 658 5
278 673 5
278 684 5
278 743 5
278 763 5
278 843 5
278 866 5
278 959 4
278 975 5
279 1 5
279 8 5
279 24 5
279 28 4
279 31 5
279 50 5
279 54 5
279 55 5
279 58 5
279 66 5
279 70 5
279 71 4
279 79 5
279 82 5
279 88 5
279 89 5
279 95 5
279 96 5
279 97 5
279 100 5
279 101 5
279 108 5
279 111 5
279 117 5
279 118 5
279 121 5
279 122 4
279 127 5
279 133 5
279 135 5
279 144 5
279 147 5
279 148 5
279 153 5
279 161 4
279 164 5
279 168 5
279 172 4
279 173 5
279 174 5
279 175 5
279 176 5
279 177 5
279 179 5
279 180 5
279 181 5
279 182 5
279 183 5
279 185 5
279 187 5
279 188 5
279 189 5
279 190 5
279 195 5
279 197 5
279 198 5
279 201 5
279 204 5
279 209 5
279 210 5
279 211 5
279 213 5
279 215 5
279 216 5
279 228 5
279 230 5
279 241 5
279 248 5
279 249 4
279 255 5
279 257 5
279 258 5
279 261 3
279 264 5
279 265 5
279 266 5
279 270 4
279 272 4
279 274 5
279 281 4
279 282 5
279 286 5
279 288 4
279 294 3
279 295 3
279 298 4
279 300 5
279 304 5
279 325 5
279 328 4
279 356 3
279 358 3
279 380 5
279 385 4
279 398 3
279 405 5
279 421 5
279 422 5
279 423 5
279 436 5
279 455 5
279 463 5
279 472 5
279 479 5
279 483 5
279 489 5
279 510 5
279 511 5
279 523 5
279 526 4
279 528 5
279 535 5
279 546 4
279 566 4
279 588 4
279 602 5
279 604 5
279 616 5
279 629 5
279 632 5
279 640 5
279 651 5
279 655 5
279 680 5
279 688 3
279 692 4
279 727 5
279 732 5
279 739 5
279 748 5
279 751 5
279 752 4
279 840 4
279 879 3
279 931 3
279 945 5
280 8 5
280 12 5
280 64 5
280 89 5
280 96 5
280 100 5
280 114 5
280 127 5
280 165 5
280 172 5
280 174 5
280 175 5
280 183 5
280 190 5
280 191 5
280 213 5
280 234 5
280 237 5
280 257 5
280 258 5
280 265 5
280 272 5
280 298 5
280 347 5
280 462 5
280 479 5
280 483 5
280 504 5
280 510 5
280 511 5
280 517 5
280 603 5
280 615 5
280 642 5
280 661 5
280 705 5
280 863 5
281 4 5
281 42 5
281 50 5
281 66 5
281 70 5
281 86 5
281 100 5
281 153 5
281 163 5
281 173 5
281 190 5
281 197 5
281 204 5
281 207 3
281 210 5
281 216 5
281 283 5
281 313 5
281 318 5
281 322 5
281 367 5
281 427 5
281 430 5
281 479 5
281 484 4
281 505 5
281 507 5
281 524 5
281 648 5
281 650 5
281 659 5
281 678 5
281 692 5
281 780 5
282 127 5
282 257 5
282 269 4
282 288 4
282 295 3
282 298 5
282 311 3
282 315 4
282 346 4
282 876 4
282 881 3
282 988 3
283 1 5
283 12 5
283 20 5
283 99 5
283 107 5
283 109 5
283 116 5
283 121 5
283 151 5
283 180 5
283 195 5
283 197 5
283 199 5
283 229 5
283 230 5
283 250 5
283 257 5
283 270 5
283 271 5
283 274 5
283 275 5
283 277 5
283 286 5
283 290 5
283 313 5
283 318 5
283 365 5
283 380 5
283 405 5
283 449 5
283 450 4
283 462 5
283 480 5
283 538 5
283 582 5
283 612 5
283 743 4
283 900 5
284 1 5
284 7 5
284 9 5
284 15 5
284 24 5
284 25 5
284 28 5
284 29 5
284 50 5
284 51 5
284 53 5
284 56 5
284 69 5
284 70 5
284 71 5
284 73 5
284 79 5
284 82 5
284 94 5
284 96 5
284 97 5
284 98 5
284 111 5
284 122 5
284 135 5
284 136 5
284 141 5
284 143 5
284 144 5
284 150 5
284 151 5
284 168 5
284 173 5
284 174 5
284 181 5
284 195 5
284 202 5
284 204 5
284 216 5
284 222 5
284 227 5
284 229 5
284 234 5
284 235 5
284 237 5
284 248 5
284 250 5
284 252 5
284 255 5
284 257 5
284 258 5
284 274 5
284 275 5
284 293 5
284 294 5
284 300 5
284 313 5
284 315 5
284 318 5
284 343 5
284 385 5
284 392 5
284 399 5
284 405 5
284 419 5
284 422 5
284 427 5
284 431 5
284 449 5
284 451 5
284 463 5
284 472 5
284 510 5
284 550 5
284 554 5
284 560 5
284 562 5
284 568 5
284 578 5
284 588 5
284 597 5
284 625 5
284 651 5
284 655 5
284 665 5
284 679 5
284 692 5
284 699 5
284 746 5
284 778 5
284 823 5
284 829 5
284 849 5
284 879 3
284 924 5
284 926 5
285 288 5
285 289 5
285 303 5
285 307 5
285 313 5
285 319 5
285 321 5
285 326 5
285 330 3
285 347 5
285 748 5
286 1 5
286 3 5
286 7 5
286 10 5
286 13 5
286 14 5
286 15 5
286 93 5
286 109 5
286 111 5
286 121 5
286 123 5
286 124 5
286 125 5
286 127 5
286 129 5
286 137 5
286 146 5
286 147 5
286 150 5
286 151 5
286 181 5
286 220 5
286 221 5
286 235 5
286 236 5
286 237 5
286 245 5
286 248 5
286 250 5
286 255 5
286 257 5
286 258 5
286 262 5
286 264 5
286 270 5
286 273 5
286 275 5
286 276 5
286 277 5
286 280 5
286 282 5
286 284 5
286 285 5
286 286 5
286 287 5
286 295 5
286 298 5
286 299 5
286 300 5
286 305 5
286 319 5
286 321 5
286 322 5
286 327 5
286 331 5
286 332 5
286 333 5
286 460 5
286 471 5
286 475 5
286 476 5
286 508 5
286 591 5
286 595 5
286 597 5
286 620 5
286 628 5
286 678 5
286 689 5
286 690 5
286 696 5
286 717 5
286 718 5
286 742 5
286 748 5
286 762 5
286 766 5
286 818 5
286 823 5
286 846 5
286 864 5
286 872 5
286 874 5
286 879 5
286 880 5
286 882 2
286 886 5
286 887 5
286 924 5
286 935 5
286 936 5
286 975 4
286 994 3
286 995 5
287 1 5
287 2 5
287 3 5
287 4 5
287 12 5
287 17 5
287 25 5
287 28 5
287 31 5
287 38 5
287 42 5
287 43 5
287 45 5
287 48 5
287 49 5
287 50 5
287 55 5
287 58 5
287 66 5
287 68 5
287 69 5
287 71 5
287 73 5
287 76 5
287 77 5
287 79 5
287 81 5
287 82 5
287 87 5
287 88 5
287 92 5
287 95 5
287 96 5
287 97 5
287 99 5
287 100 5
287 111 5
287 117 5
287 121 5
287 125 5
287 128 5
287 133 5
287 136 5
287 140 5
287 143 5
287 144 5
287 150 5
287 160 5
287 161 5
287 172 5
287 174 5
287 176 5
287 179 5
287 181 5
287 183 5
287 188 5
287 191 5
287 194 5
287 195 5
287 196 5
287 202 5
287 206 5
287 215 5
287 216 5
287 218 5
287 222 5
287 226 5
287 227 5
287 230 5
287 232 5
287 237 5
287 239 5
287 249 5
287 252 5
287 255 5
287 257 5
287 258 5
287 259 5
287 260 5
287 265 5
287 270 5
287 272 5
287 273 5
287 276 5
287 280 5
287 282 5
287 286 5
287 288 5
287 289 5
287 293 5
287 294 5
287 298 5
287 300 5
287 318 5
287 333 5
287 347 5
287 356 5
287 366 5
287 367 5
287 378 5
287 402 5
287 411 5
287 412 5
287 423 5
287 432 5
287 455 5
287 462 5
287 470 5
287 471 5
287 474 5
287 501 5
287 540 5
287 541 5
287 546 5
287 549 5
287 550 5
287 566 5
287 572 5
287 578 5
287 588 5
287 591 5
287 596 5
287 597 5
287 620 5
287 627 5
287 628 5
287 651 5
287 652 5
287 658 5
287 672 5
287 679 5
287 684 5
287 685 5
287 686 5
287 692 5
287 710 5
287 713 5
287 727 4
287 732 5
287 735 5
287 739 5
287 742 5
287 747 5
287 748 5
287 768 5
287 772 5
287 779 5
287 781 5
287 790 5
287 794 5
287 820 5
287 823 5
287 833 5
287 845 5
287 921 5
287 932 5
287 939 5
287 941 5
287 955 5
287 956 4
287 978 5
288 1 5
288 8 5
288 9 5
288 11 5
288 22 5
288 28 5
288 33 5
288 58 5
288 64 5
288 69 5
288 70 5
288 83 5
288 87 5
288 96 5
288 98 5
288 111 5
288 133 5
288 135 5
288 154 5
288 164 5
288 168 5
288 172 5
288 173 5
288 176 5
288 180 5
288 181 5
288 182 5
288 183 5
288 185 5
288 186 5
288 190 4
288 196 5
288 198 5
288 199 5
288 200 5
288 203 5
288 207 3
288 208 5
288 210 5
288 211 5
288 222 5
288 228 5
288 230 5
288 238 5
288 243 4
288 245 5
288 258 5
288 260 4
288 265 5
288 269 5
288 289 5
288 292 5
288 299 5
288 304 5
288 318 5
288 328 5
288 333 5
288 357 5
288 358 5
288 385 5
288 405 5
288 414 5
288 419 5
288 429 5
288 434 5
288 468 5
288 474 5
288 480 5
288 485 4
288 491 5
288 493 5
288 496 5
288 498 5
288 500 5
288 510 5
288 511 5
288 514 5
288 515 5
288 520 5
288 521 5
288 523 5
288 526 5
288 527 5
288 568 5
288 605 5
288 612 3
288 655 5
288 659 5
288 662 5
288 692 5
288 707 4
288 724 4
288 732 5
288 748 5
288 776 5
288 845 5
288 880 5
288 890 5
289 243 5
289 258 5
289 259 5
289 260 5
289 261 5
289 263 5
289 264 5
289 266 5
289 268 5
289 270 5
289 271 5
289 272 5
289 286 5
289 288 5
289 289 5
289 292 5
289 294 5
289 301 5
289 302 5
289 303 5
289 308 5
289 310 5
289 313 5
289 315 5
289 316 5
289 321 5
289 324 4
289 325 4
289 326 5
289 327 5
289 330 5
289 331 5
289 332 5
289 333 5
289 334 5
289 339 5
289 340 5
289 342 5
289 343 5
289 349 5
289 353 4
289 355 5
289 358 5
289 457 3
289 538 4
289 539 4
289 678 5
289 681 3
289 682 5
289 687 4
289 689 5
289 750 5
289 751 5
289 752 5
289 872 4
289 873 3
289 874 5
289 875 5
289 881 5
289 883 4
289 887 5
289 890 5
289 892 4
289 902 5
289 908 4
289 948 5
289 988 4
289 989 4
289 991 2
290 1 3
290 7 3
290 9 2
290 15 3
290 50 4
290 93 2
290 117 3
290 124 2
290 126 3
290 127 3
290 150 2
290 151 3
290 181 3
290 224 1
290 237 3
290 246 3
290 257 3
290 258 4
290 273 2
290 277 5
290 284 3
290 286 3
290 292 2
290 293 2
290 298 3
290 302 4
290 333 4
290 410 3
290 475 3
290 515 2
290 596 2
290 764 2
290 847 1
290 919 4
290 926 3
290 993 3
291 7 5
291 19 5
291 45 5
291 100 5
291 124 5
291 129 5
291 236 5
291 237 5
291 258 5
291 273 5
291 286 5
291 340 5
291 475 5
291 657 5
291 900 5
292 45 5
292 56 3
292 64 5
292 69 5
292 83 3
292 97 4
292 100 4
292 124 3
292 127 3
292 134 4
292 137 3
292 185 4
292 186 3
292 187 4
292 192 5
292 193 4
292 205 4
292 221 5
292 242 4
292 285 5
292 286 5
292 318 5
292 479 3
292 482 4
292 483 4
292 492 5
292 511 3
292 523 5
292 527 5
292 531 4
292 654 4
292 657 5
292 772 2
292 923 5
293 1 5
293 7 5
293 11 5
293 12 5
293 22 5
293 24 5
293 48 5
293 50 5
293 56 5
293 59 5
293 60 5
293 61 5
293 65 5
293 69 5
293 71 5
293 79 5
293 82 5
293 91 5
293 95 5
293 96 5
293 98 5
293 100 5
293 115 5
293 117 5
293 118 5
293 121 5
293 124 5
293 127 5
293 150 5
293 156 5
293 168 5
293 171 5
293 172 5
293 173 5
293 174 5
293 175 5
293 176 5
293 180 5
293 181 5
293 182 5
293 183 5
293 188 5
293 191 5
293 192 5
293 195 5
293 196 5
293 201 5
293 209 5
293 210 5
293 222 5
293 234 5
293 235 5
293 238 5
293 239 5
293 250 5
293 252 5
293 257 5
293 258 5
293 260 5
293 264 5
293 265 5
293 271 4
293 273 5
293 275 5
293 284 5
293 288 5
293 298 5
293 300 5
293 318 5
293 323 5
293 327 5
293 328 5
293 343 5
293 357 5
293 369 4
293 405 5
293 411 5
293 423 5
293 431 5
293 455 5
293 462 5
293 475 5
293 483 5
293 527 5
293 528 5
293 546 5
293 550 5
293 597 5
293 647 5
293 652 5
293 684 5
293 687 5
293 693 5
293 742 5
293 746 5
293 751 5
293 754 5
293 762 5
293 763 5
293 876 4
293 886 5
293 890 4
293 925 5
294 1 5
294 9 5
294 15 5
294 64 5
294 65 5
294 86 5
294 98 5
294 100 5
294 126 5
294 174 5
294 183 5
294 191 5
294 194 5
294 222 5
294 237 5
294 286 5
294 289 5
294 294 5
294 322 5
294 357 5
294 479 5
294 507 5
294 528 5
294 748 5
294 924 5
295 2 5
295 4 5
295 11 5
295 29 4
295 44 5
295 50 5
295 53 5
295 54 5
295 56 5
295 62 5
295 64 4
295 68 5
295 69 5
295 71 5
295 79 5
295 84 5
295 86 5
295 88 4
295 89 5
295 90 4
295 91 5
295 94 5
295 95 5
295 98 5
295 101 5
295 109 4
295 120 3
295 127 5
295 132 5
295 133 3
295 139 5
295 140 4
295 144 5
295 145 5
295 147 5
295 153 4
295 155 5
295 157 4
295 158 5
295 161 5
295 162 5
295 163 5
295 167 4
295 168 5
295 172 5
295 173 5
295 174 5
295 176 5
295 179 5
295 181 5
295 184 5
295 186 5
295 188 5
295 191 4
295 195 5
295 200 5
295 201 5
295 202 4
295 214 5
295 216 5
295 217 5
295 219 5
295 222 4
295 226 5
295 227 5
295 228 4
295 229 5
295 230 5
295 231 4
295 232 5
295 234 5
295 235 5
295 265 5
295 282 5
295 288 5
295 357 4
295 379 5
295 380 5
295 385 5
295 386 5
295 389 5
295 391 4
295 392 4
295 395 4
295 402 5
295 403 5
295 404 4
295 413 5
295 416 4
295 417 5
295 421 5
295 423 5
295 431 5
295 433 5
295 435 4
295 444 4
295 447 5
295 449 4
295 452 5
295 465 5
295 470 5
295 472 5
295 478 4
295 479 5
295 496 3
295 501 5
295 504 4
295 505 4
295 507 5
295 523 3
295 550 5
295 559 5
295 566 5
295 575 5
295 581 5
295 616 5
295 622 5
295 629 5
295 642 5
295 650 5
295 658 5
295 660 5
295 665 5
295 671 5
295 674 4
295 679 4
295 684 4
295 705 2
295 732 4
295 742 5
295 768 4
295 770 3
295 790 5
295 796 3
295 797 5
295 831 4
295 843 1
295 924 4
295 944 5
296 7 5
296 10 5
296 17 5
296 33 5
296 38 5
296 39 5
296 42 5
296 50 5
296 53 5
296 56 5
296 64 5
296 77 5
296 87 5
296 96 5
296 97 5
296 98 5
296 99 5
296 109 5
296 132 5
296 133 5
296 135 5
296 136 5
296 141 5
296 142 3
296 143 5
296 147 5
296 150 5
296 154 5
296 156 5
296 158 5
296 164 5
296 172 5
296 173 5
296 181 5
296 183 5
296 186 5
296 204 5
296 222 5
296 227 5
296 228 5
296 229 5
296 246 5
296 268 5
296 288 5
296 318 5
296 356 5
296 378 5
296 380 5
296 393 5
296 417 5
296 418 5
296 420 5
296 421 5
296 433 5
296 469 5
296 480 5
296 484 5
296 485 5
296 509 5
296 526 5
296 528 5
296 532 5
296 554 5
296 561 5
296 607 5
296 625 5
296 633 5
296 727 5
296 743 5
296 746 5
296 774 5
296 825 5
296 921 5
297 1 5
297 2 5
297 3 5
297 11 5
297 12 5
297 13 5
297 19 5
297 24 5
297 25 5
297 28 5
297 31 5
297 38 5
297 39 5
297 54 5
297 56 5
297 66 5
297 67 4
297 70 5
297 71 5
297 72 5
297 77 5
297 79 5
297 80 5
297 87 5
297 89 5
297 94 5
297 95 5
297 96 5
297 97 5
297 98 5
297 99 5
297 100 5
297 101 5
297 105 5
297 108 5
297 109 5
297 114 5
297 118 5
297 122 4
297 127 5
297 139 5
297 145 4
297 152 5
297 153 5
297 155 5
297 161 5
297 163 5
297 164 5
297 167 4
297 168 5
297 173 5
297 174 5
297 175 5
297 181 5
297 183 5
297 185 5
297 186 5
297 187 5
297 188 5
297 189 5
297 194 5
297 195 5
297 197 5
297 202 5
297 204 5
297 208 5
297 217 5
297 222 5
297 225 5
297 227 5
297 228 5
297 229 5
297 230 5
297 233 5
297 234 5
297 240 3
297 242 5
297 248 5
297 250 5
297 252 4
297 257 5
297 258 5
297 260 4
297 268 4
297 273 5
297 274 5
297 288 4
297 291 5
297 325 3
297 358 4
297 363 5
297 364 4
297 373 4
297 381 5
297 382 5
297 384 5
297 385 5
297 386 5
297 393 5
297 395 4
297 399 5
297 403 5
297 405 5
297 407 5
297 408 5
297 412 5
297 418 5
297 423 5
297 431 5
297 432 5
297 451 5
297 452 3
297 455 5
297 465 5
297 472 5
297 475 4
297 501 5
297 508 4
297 510 5
297 526 5
297 540 5
297 545 3
297 549 5
297 550 5
297 552 5
297 559 5
297 562 5
297 566 5
297 568 5
297 570 5
297 575 5
297 577 5
297 578 5
297 588 5
297 590 3
297 597 5
297 603 5
297 625 5
297 627 5
297 645 5
297 651 5
297 652 5
297 655 5
297 657 5
297 679 5
297 692 5
297 716 5
297 721 5
297 722 5
297 724 5
297 731 5
297 741 4
297 748 4
297 758 3
297 765 5
297 771 5
297 780 4
297 781 5
297 783 5
297 790 5
297 792 5
297 797 5
297 802 5
297 808 5
297 809 5
297 810 5
297 840 3
297 849 5
297 864 4
297 940 4
297 943 3
297 1000 5
298 10 4
298 11 5
298 12 3
298 23 3
298 32 3
298 50 3
298 53 2
298 54 3
298 56 4
298 59 4
298 61 4
298 79 3
298 83 3
298 89 4
298 98 4
298 121 5
298 124 4
298 127 4
298 136 4
298 137 3
298 144 5
298 150 3
298 151 4
298 156 3
298 160 4
298 164 4
298 168 5
298 171 4
298 172 3
298 175 3
298 176 4
298 182 3
298 183 3
298 186 5
298 187 3
298 191 4
298 192 2
298 197 5
298 202 4
298 203 3
298 204 4
298 210 4
298 218 3
298 222 4
298 228 4
298 229 3
298 258 3
298 262 4
298 271 4
298 275 4
298 288 3
298 293 4
298 302 4
298 340 4
298 381 3
298 425 4
298 435 3
298 443 3
298 447 3
298 448 2
298 449 3
298 464 1
298 474 3
298 475 4
298 483 4
298 484 4
298 486 3
298 489 4
298 512 2
298 515 3
298 522 4
298 525 4
298 548 2
298 554 3
298 558 3
298 594 3
298 607 3
298 628 4
298 631 1
298 649 1
298 652 3
298 656 5
298 664 3
298 675 2
298 693 2
298 754 4
298 772 2
298 806 2
298 887 5
298 919 3
298 922 1
298 933 2
298 985 3
299 7 5
299 8 5
299 11 5
299 12 5
299 50 5
299 69 5
299 87 5
299 97 5
299 117 5
299 132 5
299 153 5
299 157 5
299 176 5
299 177 5
299 181 5
299 182 5
299 183 5
299 191 5
299 193 5
299 194 5
299 198 5
299 202 5
299 207 5
299 210 5
299 213 5
299 215 5
299 238 5
299 251 5
299 271 5
299 272 5
299 275 5
299 295 5
299 300 5
299 301 5
299 312 5
299 313 5
299 318 5
299 326 5
299 357 5
299 414 5
299 425 5
299 427 5
299 463 5
299 474 5
299 482 5
299 483 5
299 484 5
299 486 5
299 497 5
299 511 5
299 514 5
299 516 5
299 520 5
299 521 5
299 530 5
299 539 4
299 605 5
299 651 5
299 657 5
299 661 5
299 663 5
299 690 5
299 692 5
299 742 5
299 750 5
299 879 5
299 886 5
299 887 5
299 902 5
300 1 5
300 3 5
300 8 5
300 9 5
300 15 5
300 25 5
300 28 5
300 30 5
300 39 5
300 42 5
300 43 5
300 44 5
300 45 5
300 50 5
300 56 5
300 58 5
300 59 5
300 61 5
300 62 5
300 69 5
300 70 5
300 72 5
300 77 5
300 83 5
300 88 5
300 89 5
300 94 5
300 97 5
300 98 5
300 100 5
300 116 5
300 118 5
300 120 5
300 125 5
300 129 5
300 133 5
300 135 5
300 143 5
300 147 5
300 159 5
300 164 5
300 172 5
300 175 5
300 179 5
300 181 5
300 196 5
300 204 5
300 208 5
300 210 5
300 211 5
300 216 5
300 217 5
300 223 5
300 234 5
300 235 5
300 238 5
300 244 5
300 245 5
300 246 5
300 250 5
300 252 5
300 255 5
300 257 5
300 268 5
300 274 5
300 275 5
300 276 5
300 281 5
300 282 5
300 283 5
300 284 5
300 285 5
300 287 5
300 294 5
300 298 5
300 300 5
300 301 5
300 304 5
300 316 5
300 319 5
300 325 5
300 381 5
300 386 5
300 387 5
300 393 5
300 396 5
300 405 5
300 407 5
300 412 5
300 421 5
300 448 5
300 464 5
300 469 5
300 471 5
300 472 5
300 475 5
300 476 5
300 479 5
300 498 5
300 509 5
300 514 5
300 517 5
300 522 5
300 529 5
300 531 5
300 535 5
300 553 5
300 559 5
300 568 5
300 569 5
300 584 5
300 611 5
300 619 5
300 639 5
300 640 5
300 660 5
300 662 5
300 665 5
300 699 5
300 709 5
300 714 5
300 721 5
300 729 5
300 735 5
300 739 5
300 742 5
300 762 5
300 768 5
300 775 5
300 780 5
300 781 5
300 815 5
300 821 5
300 827 5
300 836 5
300 845 5
300 930 5
300 964 5
300 971 5
300 988 5
300 996 5
