201 1 3
201 111 4
201 268 3
201 283 3
201 291 3
201 305 4
201 331 3
201 740 3
202 259 2
202 292 3
202 682 2
202 872 2
202 877 2
202 880 2
202 887 3
202 895 2
202 948 2
203 7 3
203 9 3
203 100 3
203 106 2
203 111 3
203 117 3
203 118 2
203 121 2
203 123 2
203 129 3
203 148 2
203 181 3
203 222 3
203 235 2
203 274 2
203 276 3
203 284 2
203 291 2
203 370 2
203 410 2
203 471 3
203 472 2
203 515 3
203 546 2
203 597 2
203 685 3
203 748 2
203 845 3
203 864 2
203 866 2
203 925 2
203 928 2
204 22 3
204 66 3
204 243 2
204 245 2
204 258 3
204 259 2
204 269 3
204 270 3
204 289 2
204 300 3
204 307 2
204 310 3
204 313 3
204 323 2
204 327 2
204 331 2
204 333 3
204 342 2
204 343 2
204 348 2
204 678 2
204 683 2
204 687 2
204 689 2
204 690 2
204 748 2
204 754 3
204 879 2
204 892 2
204 901 2
205 2 2
205 5 2
205 8 3
205 11 2
205 12 3
205 22 3
205 23 2
205 28 2
205 29 2
205 30 2
205 31 3
205 32 2
205 33 2
205 37 1
205 38 2
205 39 2
205 40 2
205 41 2
205 42 2
205 43 1
205 45 2
205 47 2
205 48 2
205 49 2
205 50 2
205 51 2
205 52 2
205 53 2
205 55 2
205 56 2
205 57 3
205 58 2
205 60 2
205 61 2
205 62 2
205 63 2
205 64 3
205 66 2
205 67 2
205 68 2
205 70 2
205 71 2
205 72 2
205 73 2
205 75 2
205 76 2
205 77 2
205 78 2
205 80 2
205 81 2
205 82 2
205 83 3
205 85 3
205 87 3
205 88 2
205 90 2
205 91 2
205 92 3
205 94 2
205 96 2
205 97 2
205 98 2
205 101 2
205 102 2
205 127 2
205 132 2
205 135 2
205 139 2
205 141 3
205 142 2
205 149 2
205 161 2
205 168 2
205 169 3
205 172 2
205 173 2
205 175 2
205 178 2
205 179 2
205 180 2
205 183 2
205 184 2
205 185 2
205 186 2
205 188 2
205 189 2
205 190 2
205 191 2
205 192 3
205 193 2
205 195 2
205 197 2
205 198 2
205 199 3
205 200 2
205 202 3
205 204 3
205 206 2
205 207 3
205 208 2
205 210 2
205 211 2
205 212 2
205 214 2
205 215 2
205 216 2
205 217 2
205 218 2
205 219 2
205 226 3
205 227 2
205 228 3
205 229 2
205 230 2
205 231 2
205 232 2
205 233 3
205 234 2
205 238 2
205 239 2
205 265 3
205 288 2
205 302 2
205 308 2
205 317 3
205 318 3
205 347 3
205 350 2
205 351 2
205 356 2
205 361 1
205 364 2
205 365 2
205 366 3
205 367 2
205 371 2
205 374 2
205 376 2
205 377 1
205 379 2
205 383 1
205 384 2
205 386 2
205 387 2
205 388 1
205 391 2
205 393 2
205 395 2
205 396 2
205 397 1
205 399 2
205 400 2
205 402 2
205 403 2
205 404 3
205 414 3
205 415 1
205 416 2
205 417 2
205 419 2
205 420 3
205 421 2
205 422 2
205 423 3
205 426 2
205 427 2
205 430 2
205 431 2
205 433 2
205 434 2
205 437 1
205 438 1
205 439 1
205 440 1
205 441 1
205 442 1
205 444 2
205 446 2
205 447 2
205 448 2
205 449 2
205 450 1
205 451 2
205 452 2
205 453 1
205 461 2
205 462 3
205 463 3
205 464 3
205 465 2
205 467 3
205 469 2
205 470 2
205 480 2
205 482 2
205 501 2
205 504 2
205 509 2
205 510 2
205 511 2
205 514 2
205 515 2
205 516 2
205 517 2
205 518 2
205 519 2
205 520 3
205 521 2
205 522 2
205 523 2
205 524 3
205 525 3
205 526 3
205 527 3
205 528 2
205 529 3
205 530 3
205 536 2
205 537 2
205 540 2
205 541 2
205 543 2
205 545 2
205 548 2
205 549 2
205 551 1
205 552 3
205 553 2
205 555 2
205 556 2
205 557 2
205 558 2
205 559 2
205 560 2
205 561 1
205 562 2
205 563 1
205 564 1
205 565 2
205 566 2
205 567 1
205 568 2
205 569 2
205 570 2
205 573 2
205 574 2
205 575 2
205 577 2
205 578 2
205 579 2
205 580 2
205 581 3
205 583 2
205 584 2
205 585 3
205 586 2
205 588 3
205 592 2
205 593 3
205 603 2
205 606 2
205 622 2
205 623 1
205 624 2
205 625 2
205 626 3
205 627 2
205 639 2
205 642 2
205 643 2
205 644 2
205 645 2
205 647 3
205 648 2
205 649 2
205 650 2
205 651 3
205 652 2
205 653 2
205 654 2
205 655 2
205 656 2
205 659 2
205 661 3
205 662 3
205 664 3
205 666 2
205 667 2
205 669 1
205 670 2
205 671 2
205 673 3
205 674 2
205 675 2
205 679 2
205 684 3
205 692 2
205 693 2
205 694 2
205 695 2
205 697 2
205 699 2
205 700 1
205 702 2
205 707 2
205 708 2
205 710 2
205 712 2
205 714 2
205 715 2
205 716 2
205 719 2
205 720 2
205 721 2
205 722 2
205 723 2
205 726 2
205 727 2
205 728 2
205 729 2
205 731 2
205 732 2
205 734 1
205 736 2
205 739 2
205 745 3
205 746 2
205 747 2
205 753 2
205 755 2
205 759 1
205 761 2
205 765 2
205 768 2
205 769 2
205 770 2
205 771 1
205 772 2
205 773 2
205 774 1
205 775 2
205 776 1
205 777 1
205 778 2
205 779 2
205 780 2
205 782 2
205 783 2
205 784 1
205 785 2
205 786 2
205 787 2
205 788 1
205 789 3
205 790 2
205 791 2
205 793 1
205 794 3
205 795 1
205 796 2
205 798 1
205 802 2
205 807 1
205 808 2
205 810 2
205 812 2
205 816 2
205 842 2
205 843 4
205 849 1
205 851 4
205 853 3
205 854 2
205 855 2
205 858 1
205 859 1
205 860 1
205 861 2
205 904 2
205 921 2
205 939 3
205 941 2
205 943 2
205 944 1
205 946 2
205 947 2
205 949 2
205 951 2
205 953 2
205 955 2
205 956 2
205 957 2
205 959 2
205 960 2
205 964 2
205 969 2
205 971 2
205 994 2
205 996 1
205 997 1
205 999 3
206 1 3
206 3 3
206 4 3
206 5 2
206 7 3
206 8 3
206 10 3
206 11 3
206 12 3
206 13 2
206 14 3
206 15 3
206 20 2
206 22 3
206 24 2
206 25 2
206 28 3
206 30 3
206 32 3
206 39 2
206 40 2
206 42 2
206 47 3
206 48 2
206 50 3
206 52 3
206 58 3
206 63 2
206 64 3
206 69 3
206 71 3
206 72 2
206 79 3
206 85 2
206 86 3
206 87 3
206 89 2
206 92 3
206 93 3
206 96 3
206 99 3
206 115 2
206 117 2
206 121 3
206 123 2
206 125 2
206 127 2
206 129 2
206 131 3
206 132 3
206 133 3
206 134 3
206 135 3
206 136 3
206 143 3
206 148 2
206 151 2
206 152 2
206 153 3
206 156 3
206 158 2
206 164 3
206 168 3
206 170 3
206 172 3
206 173 2
206 174 3
206 175 2
206 179 3
206 181 2
206 182 2
206 183 2
206 186 3
206 187 2
206 188 2
206 190 3
206 191 3
206 194 2
206 195 2
206 196 3
206 198 2
206 199 2
206 202 2
206 203 2
206 204 2
206 206 3
206 209 3
206 211 3
206 212 2
206 213 3
206 215 2
206 218 3
206 219 2
206 220 1
206 222 3
206 228 3
206 234 3
206 235 2
206 237 3
206 238 3
206 239 3
206 240 1
206 274 3
206 275 3
206 276 3
206 277 2
206 284 2
206 289 2
206 317 3
206 318 3
206 357 3
206 368 1
206 381 3
206 396 2
206 404 3
206 405 2
206 410 2
206 411 2
206 414 2
206 418 3
206 419 3
206 420 3
206 421 2
206 427 3
206 428 3
206 429 3
206 430 2
206 431 3
206 434 2
206 435 3
206 436 3
206 443 3
206 447 3
206 451 3
206 452 3
206 453 1
206 461 3
206 463 3
206 468 2
206 469 2
206 474 3
206 476 2
206 479 3
206 480 3
206 481 3
206 482 3
206 485 3
206 487 3
206 488 3
206 490 3
206 496 3
206 498 3
206 499 3
206 501 3
206 503 2
206 504 3
206 505 3
206 507 3
206 508 2
206 509 3
206 511 2
206 514 3
206 515 3
206 517 2
206 519 3
206 520 3
206 523 3
206 524 3
206 526 3
206 527 3
206 528 3
206 529 3
206 543 2
206 559 2
206 561 1
206 573 2
206 582 3
206 588 3
206 589 3
206 591 3
206 596 2
206 605 2
206 606 3
206 607 2
206 608 3
206 610 3
206 611 3
206 612 2
206 624 2
206 632 3
206 633 3
206 634 4
206 638 3
206 639 3
206 640 2
206 641 3
206 642 2
206 645 2
206 647 3
206 651 3
206 652 2
206 655 3
206 662 3
206 663 2
206 664 2
206 665 2
206 672 2
206 675 2
206 692 3
206 693 2
206 699 3
206 701 2
206 705 3
206 712 2
206 713 3
206 715 2
206 727 3
206 732 2
206 735 3
206 737 2
206 745 2
206 746 2
206 747 3
206 756 2
206 772 2
206 787 2
206 813 3
206 823 2
206 825 3
206 826 1
206 831 2
206 845 3
206 919 3
206 921 3
206 923 4
206 942 3
206 960 2
206 962 1
207 1 3
207 2 2
207 4 3
207 8 3
207 25 3
207 28 3
207 29 2
207 40 2
207 45 3
207 50 3
207 56 3
207 62 2
207 68 2
207 69 3
207 70 3
207 82 3
207 88 3
207 89 3
207 91 2
207 96 3
207 97 3
207 98 3
207 99 3
207 100 3
207 117 3
207 118 2
207 123 2
207 127 3
207 132 3
207 135 3
207 143 3
207 144 3
207 147 2
207 157 3
207 158 2
207 159 3
207 161 3
207 163 2
207 172 3
207 173 3
207 174 3
207 177 3
207 179 3
207 180 3
207 181 3
207 182 3
207 183 3
207 185 3
207 186 3
207 188 3
207 193 3
207 194 3
207 196 3
207 197 3
207 200 3
207 201 2
207 202 3
207 203 3
207 205 2
207 208 3
207 209 3
207 211 3
207 214 2
207 215 3
207 216 3
207 217 2
207 218 3
207 222 3
207 223 3
207 226 3
207 227 2
207 228 3
207 229 2
207 230 3
207 231 2
207 232 2
207 235 2
207 238 3
207 239 3
207 244 3
207 248 3
207 249 3
207 250 3
207 255 2
207 257 3
207 265 3
207 269 3
207 274 2
207 286 3
207 289 2
207 290 2
207 291 2
207 313 3
207 316 3
207 345 2
207 357 3
207 371 2
207 382 3
207 385 3
207 393 3
207 399 2
207 400 2
207 405 2
207 416 2
207 418 3
207 423 3
207 427 3
207 428 3
207 432 3
207 433 3
207 436 3
207 447 3
207 448 2
207 449 2
207 455 2
207 466 3
207 476 2
207 478 3
207 479 3
207 483 3
207 484 3
207 493 4
207 496 3
207 502 3
207 508 3
207 510 3
207 514 3
207 519 4
207 521 3
207 525 4
207 559 2
207 561 2
207 565 2
207 588 3
207 603 3
207 616 3
207 629 3
207 635 2
207 642 3
207 648 3
207 656 3
207 657 3
207 660 3
207 675 3
207 684 3
207 705 3
207 710 2
207 712 2
207 715 2
207 729 3
207 732 3
207 746 3
207 755 3
207 756 2
207 785 2
207 844 2
207 859 2
207 869 2
207 879 2
207 949 2
207 969 3
207 972 3
207 993 2
208 270 3
208 271 2
208 286 3
208 294 2
208 300 3
208 313 3
208 315 3
208 319 2
208 328 2
208 347 3
208 358 2
208 539 2
208 683 2
208 689 2
208 748 2
209 6 4
209 8 3
209 9 3
209 12 3
209 14 3
209 22 3
209 23 3
209 28 3
209 30 4
209 48 3
209 50 3
209 58 3
209 59 4
209 60 4
209 65 4
209 87 3
209 97 3
209 98 3
209 99 3
209 100 3
209 133 3
209 135 3
209 153 3
209 154 3
209 156 4
209 162 3
209 166 3
209 168 3
209 170 3
209 172 4
209 173 4
209 174 4
209 175 3
209 179 3
209 181 3
209 186 3
209 191 3
209 192 3
209 195 3
209 197 3
209 199 3
209 200 3
209 201 2
209 202 3
209 203 3
209 204 3
209 205 2
209 207 3
209 209 3
209 210 3
209 213 3
209 214 2
209 216 3
209 223 3
209 264 2
209 266 2
209 270 3
209 275 3
209 276 3
209 283 3
209 285 3
209 286 3
209 288 2
209 300 3
209 303 2
209 318 3
209 321 2
209 322 2
209 325 3
209 327 3
209 339 2
209 343 3
209 357 3
209 367 3
209 381 3
209 382 4
209 404 3
209 427 3
209 428 3
209 429 3
209 430 3
209 433 4
209 435 3
209 461 3
209 478 3
209 479 3
209 480 3
209 481 3
209 482 3
209 483 4
209 485 3
209 486 4
209 489 4
209 491 4
209 493 4
209 496 3
209 497 4
209 498 3
209 504 3
209 505 3
209 514 3
209 516 3
209 518 3
209 520 3
209 523 3
209 526 3
209 527 3
209 528 3
209 530 3
209 604 3
209 606 3
209 607 3
209 608 4
209 609 2
209 615 3
209 618 3
209 631 2
209 633 3
209 647 3
209 654 3
209 659 3
209 661 3
209 664 4
209 676 2
209 680 4
209 684 3
209 708 3
209 709 3
209 714 3
209 733 4
209 749 3
209 855 3
209 877 2
209 879 3
209 937 3
209 945 3
209 965 4
209 995 3
210 258 2
210 269 2
210 286 2
210 289 2
210 300 2
210 311 2
210 312 3
210 313 3
210 315 2
210 316 2
210 323 2
210 328 2
210 340 2
210 354 2
210 690 2
210 754 2
210 873 1
210 898 1
210 905 2
211 1 3
211 4 3
211 9 3
211 22 3
211 38 2
211 56 3
211 73 3
211 88 3
211 117 3
211 161 3
211 168 3
211 172 3
211 181 3
211 186 3
211 195 3
211 196 3
211 208 3
211 209 3
211 210 3
211 222 3
211 227 2
211 228 3
211 229 2
211 230 2
211 258 3
211 265 3
211 276 3
211 318 3
211 405 2
211 435 3
211 449 2
211 451 3
211 485 3
211 527 3
211 566 3
211 568 3
211 651 3
211 655 3
211 709 3
211 720 2
211 732 3
211 770 2
212 4 3
212 7 3
212 23 3
212 24 2
212 28 3
212 56 3
212 64 4
212 70 3
212 81 3
212 92 3
212 96 3
212 150 3
212 154 3
212 172 3
212 173 3
212 175 3
212 182 3
212 186 3
212 193 3
212 206 2
212 211 3
212 218 3
212 276 3
212 288 2
212 318 3
212 340 2
212 408 3
212 427 3
212 436 4
212 480 3
212 487 3
212 508 3
212 526 3
212 634 3
212 651 3
212 684 3
212 724 3
213 7 3
213 9 3
213 15 3
213 50 3
213 124 3
213 181 3
213 222 3
213 236 2
213 245 2
213 255 2
213 257 3
213 258 3
213 260 2
213 269 3
213 271 2
213 275 3
213 286 3
213 297 2
213 300 3
213 301 2
213 302 3
213 303 2
213 306 2
213 326 2
213 328 2
213 332 2
213 471 3
213 508 2
213 628 3
213 690 2
213 877 2
213 936 4
214 100 4
214 258 3
214 260 3
214 294 2
214 300 3
214 301 2
214 302 4
214 325 2
214 340 3
214 343 2
214 678 2
214 748 2
215 56 3
215 185 3
215 195 3
215 243 3
215 269 3
215 322 2
215 323 3
215 328 2
215 432 3
215 531 4
215 748 2
215 754 4
216 1 3
216 2 2
216 7 3
216 8 3
216 9 3
216 10 3
216 11 3
216 12 4
216 13 3
216 14 3
216 21 2
216 22 3
216 24 2
216 25 2
216 27 3
216 28 3
216 29 2
216 31 3
216 32 3
216 36 2
216 38 2
216 41 3
216 42 3
216 43 2
216 44 3
216 49 2
216 50 4
216 51 2
216 53 2
216 54 3
216 55 3
216 56 3
216 58 3
216 64 4
216 65 3
216 66 3
216 67 2
216 69 3
216 70 3
216 71 3
216 73 2
216 77 2
216 81 3
216 82 2
216 83 3
216 85 3
216 86 3
216 87 3
216 88 3
216 90 2
216 92 3
216 93 3
216 94 2
216 97 3
216 98 3
216 99 3
216 105 2
216 106 2
216 107 3
216 117 3
216 121 3
216 123 2
216 125 3
216 126 3
216 127 3
216 132 3
216 133 3
216 134 3
216 136 3
216 137 3
216 140 3
216 142 3
216 143 3
216 144 3
216 148 2
216 154 3
216 155 2
216 156 3
216 157 3
216 158 2
216 159 2
216 161 3
216 168 3
216 172 3
216 174 4
216 176 3
216 178 3
216 181 3
216 182 3
216 183 3
216 185 3
216 187 3
216 191 3
216 194 3
216 195 3
216 196 3
216 197 3
216 199 3
216 200 3
216 202 3
216 203 3
216 204 3
216 209 3
216 210 3
216 211 3
216 213 3
216 215 3
216 216 3
216 217 2
216 219 3
216 220 2
216 225 2
216 226 3
216 230 3
216 234 3
216 237 3
216 238 3
216 239 3
216 240 2
216 241 2
216 242 3
216 245 2
216 246 3
216 248 3
216 249 2
216 250 2
216 251 2
216 252 2
216 253 3
216 254 2
216 257 3
216 258 3
216 259 2
216 264 2
216 266 2
216 268 3
216 272 4
216 274 3
216 275 3
216 276 3
216 277 2
216 281 2
216 283 2
216 284 2
216 285 3
216 286 3
216 287 3
216 288 2
216 289 2
216 294 2
216 295 3
216 297 2
216 298 3
216 301 2
216 304 3
216 307 3
216 312 2
216 313 3
216 315 3
216 316 3
216 317 3
216 318 4
216 319 2
216 322 2
216 323 2
216 326 2
216 327 3
216 328 2
216 329 2
216 331 2
216 332 2
216 333 3
216 338 2
216 339 2
216 346 3
216 347 3
216 348 2
216 354 3
216 356 3
216 357 3
216 364 2
216 366 3
216 367 2
216 369 3
216 375 3
216 378 3
216 385 3
216 388 3
216 393 3
216 395 2
216 396 2
216 399 2
216 401 2
216 402 3
216 403 3
216 404 3
216 405 2
216 411 2
216 412 2
216 417 2
216 418 3
216 419 2
216 423 3
216 425 3
216 427 3
216 431 3
216 432 3
216 433 3
216 443 3
216 448 3
216 451 3
216 452 2
216 462 3
216 463 3
216 468 3
216 469 3
216 471 3
216 472 2
216 473 2
216 475 3
216 476 2
216 479 3
216 480 3
216 496 3
216 498 3
216 500 3
216 501 2
216 506 3
216 509 3
216 515 3
216 526 3
216 531 3
216 532 4
216 538 3
216 546 2
216 549 3
216 553 2
216 554 2
216 559 2
216 560 2
216 564 3
216 568 3
216 576 2
216 578 2
216 585 3
216 588 3
216 591 3
216 592 2
216 607 3
216 614 3
216 619 3
216 625 2
216 627 2
216 628 3
216 633 3
216 651 3
216 652 3
216 657 3
216 658 4
216 660 3
216 662 3
216 676 4
216 678 2
216 682 2
216 684 3
216 685 3
216 686 3
216 689 2
216 690 2
216 693 3
216 696 2
216 699 3
216 707 3
216 708 2
216 710 2
216 712 2
216 713 3
216 717 2
216 720 2
216 721 2
216 723 3
216 724 3
216 729 3
216 734 2
216 735 3
216 737 2
216 738 2
216 739 3
216 746 3
216 747 3
216 748 2
216 750 4
216 754 4
216 755 3
216 761 3
216 762 2
216 768 2
216 770 2
216 775 2
216 778 3
216 781 3
216 783 2
216 785 2
216 790 2
216 792 3
216 794 2
216 795 2
216 803 3
216 807 2
216 812 3
216 815 2
216 819 2
216 821 3
216 824 2
216 827 2
216 833 2
216 834 1
216 840 2
216 842 3
216 843 3
216 845 3
216 849 2
216 864 2
216 866 2
216 873 1
216 874 2
216 879 3
216 895 2
216 915 3
216 916 1
216 917 3
216 918 3
216 928 2
216 929 2
216 931 1
216 934 2
216 936 4
216 937 3
216 938 2
216 941 3
216 955 3
216 959 3
216 966 3
216 972 3
216 975 2
216 980 2
216 985 2
216 990 3
216 997 2
217 1 3
217 3 2
217 5 2
217 7 3
217 11 3
217 12 3
217 13 3
217 15 3
217 16 2
217 17 2
217 20 3
217 23 3
217 27 2
217 29 2
217 32 3
217 39 2
217 42 3
217 44 3
217 47 3
217 50 3
217 51 2
217 55 3
217 56 3
217 58 3
217 62 2
217 63 2
217 64 3
217 65 3
217 67 2
217 68 2
217 69 3
217 70 2
217 72 2
217 73 2
217 77 3
217 78 2
217 79 3
217 80 2
217 81 3
217 82 3
217 83 3
217 89 3
217 91 2
217 95 3
217 96 3
217 97 3
217 98 3
217 99 3
217 100 3
217 101 2
217 106 2
217 109 2
217 118 2
217 120 2
217 122 2
217 123 2
217 125 3
217 127 3
217 131 3
217 132 3
217 135 3
217 139 2
217 142 2
217 144 3
217 145 2
217 147 2
217 154 3
217 157 3
217 159 2
217 162 3
217 164 3
217 167 2
217 168 3
217 169 4
217 171 3
217 172 3
217 173 3
217 174 3
217 176 3
217 178 3
217 179 3
217 181 3
217 182 3
217 183 3
217 184 2
217 186 3
217 190 3
217 195 3
217 196 3
217 198 3
217 200 3
217 201 2
217 202 3
217 206 2
217 207 3
217 208 3
217 214 2
217 216 3
217 217 2
217 218 3
217 219 2
217 222 3
217 223 4
217 226 3
217 228 3
217 232 2
217 234 3
217 235 2
217 242 3
217 245 2
217 246 3
217 248 3
217 250 2
217 252 2
217 255 2
217 257 3
217 258 3
217 260 1
217 264 2
217 265 3
217 270 3
217 273 2
217 286 3
217 288 2
217 290 2
217 293 3
217 294 2
217 298 2
217 323 2
217 324 2
217 325 2
217 326 2
217 340 2
217 357 3
217 358 2
217 364 2
217 367 2
217 373 2
217 380 3
217 382 3
217 385 3
217 386 2
217 388 3
217 391 2
217 392 3
217 393 3
217 395 2
217 396 2
217 399 2
217 402 3
217 403 2
217 404 3
217 413 2
217 419 3
217 420 3
217 421 3
217 422 2
217 423 3
217 425 3
217 428 3
217 431 2
217 433 3
217 436 3
217 441 2
217 444 2
217 447 3
217 449 2
217 451 3
217 452 2
217 461 3
217 465 2
217 472 2
217 474 3
217 475 2
217 483 3
217 484 3
217 485 3
217 498 3
217 501 3
217 508 3
217 513 3
217 518 3
217 541 2
217 544 2
217 545 3
217 546 2
217 551 2
217 552 2
217 555 3
217 559 2
217 561 2
217 562 3
217 563 3
217 574 3
217 578 2
217 579 3
217 582 3
217 596 2
217 597 2
217 614 3
217 616 3
217 625 2
217 628 3
217 631 2
217 636 2
217 638 3
217 640 2
217 642 2
217 655 3
217 658 3
217 665 2
217 668 2
217 669 3
217 674 2
217 679 2
217 684 3
217 685 3
217 692 3
217 708 3
217 709 3
217 710 2
217 715 2
217 723 2
217 725 2
217 727 3
217 728 2
217 732 3
217 742 3
217 746 3
217 747 3
217 748 2
217 758 1
217 762 2
217 764 2
217 765 2
217 767 1
217 769 2
217 774 2
217 778 3
217 781 2
217 783 2
217 792 3
217 796 2
217 797 2
217 800 2
217 804 2
217 809 2
217 810 2
217 815 2
217 825 2
217 827 2
217 831 2
217 849 2
217 855 3
217 871 2
217 895 2
217 923 3
217 928 2
217 940 3
217 943 2
217 944 2
217 946 2
217 963 4
217 979 2
217 999 3
217 1000 2
218 258 3
218 269 2
218 288 2
218 301 2
218 302 3
218 313 3
218 327 2
218 328 2
218 331 2
218 362 2
218 750 2
218 895 2
218 899 2
219 50 4
219 79 4
219 89 4
219 100 4
219 173 4
219 181 4
219 223 4
219 257 4
219 275 4
219 286 4
219 405 3
219 478 4
219 488 4
219 615 3
219 617 4
219 705 4
220 19 3
220 86 3
220 100 3
220 116 3
220 137 3
220 251 3
220 275 3
220 283 3
220 302 3
220 319 2
220 331 2
220 408 3
220 475 3
220 478 3
220 508 3
220 513 3
220 603 3
220 750 4
220 753 3
221 4 3
221 7 4
221 11 4
221 12 3
221 50 3
221 56 3
221 82 4
221 87 3
221 89 3
221 96 3
221 100 3
221 117 4
221 124 3
221 127 3
221 129 3
221 144 3
221 156 3
221 164 3
221 172 3
221 174 4
221 175 3
221 176 3
221 182 3
221 183 3
221 185 4
221 194 3
221 200 3
221 213 3
221 218 3
221 219 3
221 238 3
221 302 4
221 333 3
221 443 3
221 448 3
221 466 3
221 516 3
221 517 4
221 653 3
221 657 3
221 672 2
221 709 3
221 879 2
221 914 2
221 915 4
222 1 3
222 15 3
222 50 3
222 53 2
222 98 3
222 100 3
222 109 2
222 117 3
222 124 3
222 126 3
222 127 3
222 129 3
222 137 3
222 151 3
222 181 3
222 184 2
222 200 3
222 201 2
222 217 2
222 219 2
222 222 3
222 235 2
222 250 2
222 257 3
222 258 3
222 260 1
222 270 3
222 273 3
222 276 3
222 286 3
222 287 3
222 288 2
222 293 3
222 294 2
222 299 2
222 307 2
222 324 2
222 326 2
222 327 2
222 334 2
222 370 2
222 379 2
222 396 2
222 410 2
222 436 3
222 447 3
222 448 2
222 452 2
222 458 2
222 475 3
222 477 2
222 515 3
222 551 1
222 558 3
222 559 2
222 561 1
222 590 1
222 665 2
222 670 3
222 671 3
222 672 1
222 682 2
222 742 3
222 760 2
222 854 2
222 867 4
222 919 3
222 922 3
222 926 2
223 9 3
223 15 3
223 127 3
223 148 2
223 237 3
223 245 2
223 258 3
223 269 3
223 272 3
223 276 3
223 282 3
223 286 3
223 299 2
223 300 3
223 304 2
223 307 2
223 310 3
223 313 3
223 315 3
223 322 2
223 323 2
223 326 2
223 327 2
223 328 3
223 329 2
223 333 2
223 340 2
223 344 2
223 347 3
223 355 2
223 471 3
223 546 2
223 591 3
223 628 3
223 678 2
223 689 2
223 696 2
223 744 3
223 748 2
223 750 3
223 754 3
223 823 2
223 879 2
223 898 2
223 924 2
223 977 2
224 1 3
224 14 3
224 15 3
224 25 2
224 50 3
224 100 3
224 115 4
224 127 3
224 151 3
224 172 3
224 243 2
224 261 2
224 275 3
224 288 2
224 289 2
224 310 3
224 323 2
224 333 2
224 427 3
224 508 2
224 538 3
224 681 2
224 683 3
224 689 2
224 882 1
225 1 3
225 2 2
225 7 3
225 17 2
225 22 3
225 24 2
225 32 3
225 38 2
225 39 2
225 53 2
225 55 3
225 62 2
225 68 2
225 79 3
225 82 2
225 83 3
225 98 3
225 100 3
225 117 3
225 118 2
225 121 2
225 124 3
225 127 3
225 144 3
225 147 3
225 156 3
225 168 3
225 171 3
225 172 3
225 174 3
225 176 3
225 177 3
225 178 3
225 180 3
225 183 3
225 185 3
225 187 3
225 188 3
225 191 3
225 195 3
225 198 3
225 200 3
225 201 2
225 204 3
225 207 3
225 209 3
225 210 3
225 218 3
225 222 2
225 227 2
225 229 2
225 230 2
225 231 2
225 232 2
225 234 3
225 241 2
225 244 2
225 250 3
225 252 2
225 257 3
225 259 2
225 271 2
225 272 3
225 273 3
225 281 2
225 286 3
225 288 2
225 298 2
225 302 3
225 305 3
225 307 2
225 310 2
225 313 3
225 316 3
225 318 3
225 322 2
225 323 2
225 324 2
225 325 2
225 327 2
225 333 2
225 338 1
225 340 3
225 343 2
225 346 3
225 355 2
225 357 3
225 358 2
225 362 2
225 363 2
225 379 2
225 385 2
225 398 1
225 424 1
225 429 3
225 445 2
225 447 3
225 448 2
225 452 2
225 474 3
225 475 3
225 491 3
225 515 2
225 520 3
225 522 3
225 529 3
225 538 2
225 540 2
225 550 3
225 562 2
225 566 2
225 568 3
225 573 2
225 576 2
225 583 2
225 590 1
225 597 2
225 636 2
225 669 1
225 670 2
225 675 3
225 678 2
225 679 2
225 686 3
225 690 2
225 748 2
225 750 2
225 751 2
225 759 1
225 823 2
225 825 2
225 831 1
225 841 1
225 853 3
225 877 1
225 879 2
225 895 2
225 912 1
225 943 2
225 976 2
226 23 3
226 50 3
226 98 3
226 99 3
226 133 3
226 134 3
226 135 3
226 168 3
226 174 3
226 178 3
226 182 3
226 185 3
226 191 3
226 196 3
226 197 3
226 199 3
226 200 3
226 204 3
226 208 3
226 211 3
226 318 4
226 418 3
226 427 3
226 428 3
226 430 3
226 432 3
226 435 3
226 474 3
226 478 3
226 480 3
226 483 4
226 486 3
226 488 3
226 490 4
226 491 3
226 492 3
226 493 3
226 494 3
226 504 3
226 505 3
226 510 3
226 511 3
226 524 3
226 525 3
226 526 3
226 601 3
226 603 3
226 605 2
226 606 3
226 607 2
226 608 4
226 610 3
226 613 3
226 614 3
226 616 3
226 631 2
226 633 3
226 646 3
226 648 3
226 651 3
226 653 3
226 654 3
226 655 3
226 657 3
226 673 3
226 705 3
226 754 2
226 835 3
226 836 3
226 848 3
227 245 3
227 258 4
227 263 3
227 286 4
227 292 4
227 300 4
227 302 4
227 303 4
227 304 3
227 319 3
227 332 3
227 341 3
227 359 2
227 680 3
227 681 3
227 682 3
227 688 2
227 874 3
228 243 2
228 259 2
228 268 3
228 271 2
228 272 3
228 286 2
228 289 2
228 294 2
228 300 3
228 301 2
228 305 2
228 307 2
228 312 2
228 313 3
228 322 2
228 323 2
228 326 2
228 329 2
228 332 2
228 334 2
228 338 1
228 344 3
228 350 2
228 538 2
228 690 2
228 750 3
228 875 2
228 877 2
228 879 2
228 886 3
228 896 2
228 908 1
228 988 2
229 1 3
229 2 2
229 3 2
229 4 3
229 7 3
229 8 2
229 12 3
229 15 2
229 21 2
229 22 3
229 23 3
229 24 2
229 26 3
229 28 3
229 31 3
229 32 3
229 45 3
229 47 3
229 48 3
229 50 3
229 52 2
229 53 2
229 55 3
229 56 3
229 58 3
229 62 2
229 63 3
229 64 3
229 66 2
229 68 2
229 69 3
229 70 3
229 72 2
229 73 2
229 77 2
229 79 3
229 81 2
229 82 3
229 83 2
229 85 4
229 86 2
229 87 3
229 88 3
229 89 3
229 90 2
229 91 2
229 92 3
229 93 3
229 95 3
229 96 3
229 97 3
229 101 2
229 109 2
229 114 3
229 117 3
229 118 2
229 123 2
229 124 3
229 127 3
229 128 2
229 132 3
229 133 2
229 134 3
229 137 3
229 140 2
229 141 3
229 143 3
229 144 3
229 150 3
229 151 3
229 153 3
229 154 3
229 157 2
229 159 3
229 161 2
229 162 2
229 163 2
229 164 3
229 165 3
229 166 3
229 168 3
229 170 2
229 172 3
229 174 3
229 178 3
229 179 3
229 181 3
229 183 3
229 184 2
229 185 3
229 186 3
229 188 3
229 190 3
229 191 3
229 193 3
229 195 3
229 197 3
229 201 2
229 202 3
229 203 2
229 207 2
229 208 3
229 209 3
229 210 3
229 211 3
229 214 2
229 216 3
229 218 3
229 219 2
229 223 3
229 225 2
229 229 2
229 232 2
229 233 3
229 237 2
229 238 3
229 248 2
229 249 2
229 250 2
229 258 3
229 264 2
229 265 3
229 273 3
229 274 2
229 275 3
229 276 3
229 277 2
229 280 3
229 281 2
229 282 3
229 283 2
229 288 2
229 290 2
229 291 2
229 298 3
229 301 2
229 318 2
229 319 2
229 321 2
229 340 2
229 356 3
229 365 2
229 366 2
229 367 2
229 371 2
229 378 2
229 385 3
229 387 2
229 392 2
229 393 3
229 403 3
229 404 3
229 405 2
229 410 2
229 411 2
229 415 1
229 418 2
229 419 2
229 423 2
229 427 3
229 428 3
229 431 3
229 432 3
229 433 3
229 435 3
229 436 3
229 441 1
229 448 2
229 455 2
229 457 1
229 464 3
229 466 2
229 467 3
229 468 2
229 470 3
229 473 2
229 475 3
229 480 3
229 481 3
229 482 3
229 483 3
229 484 3
229 485 3
229 491 3
229 493 3
229 495 2
229 496 3
229 499 2
229 500 3
229 502 3
229 504 3
229 505 3
229 508 3
229 511 3
229 514 3
229 520 3
229 527 2
229 531 3
229 535 3
229 537 3
229 546 2
229 549 2
229 550 3
229 566 3
229 568 3
229 569 3
229 570 3
229 578 2
229 581 3
229 584 2
229 591 3
229 602 3
229 603 3
229 611 3
229 625 2
229 627 2
229 628 3
229 629 2
229 631 2
229 633 2
229 635 2
229 636 2
229 640 2
229 642 3
229 652 3
229 654 3
229 655 3
229 658 2
229 662 3
229 665 2
229 671 3
229 672 3
229 673 3
229 679 2
229 684 3
229 692 2
229 693 3
229 700 3
229 702 2
229 705 3
229 708 3
229 709 3
229 710 2
229 726 2
229 729 2
229 732 3
229 735 3
229 742 3
229 744 3
229 747 2
229 755 3
229 756 2
229 761 3
229 762 2
229 763 2
229 768 2
229 780 2
229 794 2
229 804 2
229 805 3
229 806 3
229 820 2
229 826 3
229 833 2
229 845 3
229 847 2
229 921 2
229 928 2
229 941 2
229 944 3
229 961 3
229 967 2
229 972 3
230 9 3
230 10 3
230 12 3
230 19 3
230 42 3
230 50 3
230 56 3
230 98 3
230 100 3
230 101 2
230 117 2
230 129 3
230 137 3
230 152 3
230 164 3
230 165 3
230 181 3
230 221 3
230 222 2
230 234 3
230 237 2
230 248 3
230 253 3
230 258 3
230 264 2
230 273 3
230 276 3
230 286 3
230 288 2
230 293 3
230 294 2
230 300 3
230 302 3
230 318 3
230 328 2
230 436 3
230 514 3
230 515 3
230 527 3
230 528 3
230 547 2
230 628 3
230 674 2
231 286 3
231 307 2
231 322 2
231 323 2
231 327 2
231 358 2
231 538 2
231 690 2
231 748 2
231 879 2
231 988 2
232 1 3
232 7 3
232 24 2
232 50 4
232 93 2
232 100 3
232 108 2
232 109 2
232 111 3
232 117 3
232 118 2
232 121 3
232 123 2
232 151 3
232 181 3
232 222 3
232 246 3
232 248 3
232 249 2
232 250 2
232 257 3
232 258 3
232 274 3
232 276 3
232 284 2
232 294 2
232 295 3
232 300 3
232 315 3
232 322 2
232 405 2
232 410 2
232 411 2
232 471 3
232 508 3
232 546 2
232 620 2
232 628 2
232 678 2
232 742 3
232 763 2
232 815 2
232 844 2
232 845 3
233 59 3
233 60 3
233 95 3
233 173 3
233 174 3
233 194 3
233 246 3
233 268 3
233 269 3
233 273 3
233 276 3
233 293 3
233 302 3
233 303 3
233 322 2
233 323 2
233 326 2
233 333 3
233 340 2
233 435 3
233 474 3
233 507 3
233 657 3
233 682 2
233 690 2
233 748 2
233 754 3
233 919 3
234 9 3
234 111 3
234 121 3
234 125 3
234 147 2
234 148 2
234 151 3
234 225 2
234 274 3
234 275 3
234 283 3
234 287 3
234 288 2
234 347 2
234 369 2
234 406 2
234 471 3
234 476 2
234 546 2
234 628 3
234 756 2
234 763 2
234 815 2
234 819 2
234 833 2
234 844 2
234 928 2
234 975 2
235 1 3
235 3 2
235 4 3
235 5 2
235 7 3
235 9 3
235 11 3
235 12 3
235 15 3
235 21 2
235 22 3
235 23 3
235 24 2
235 25 2
235 27 2
235 28 3
235 31 3
235 38 2
235 40 2
235 42 3
235 45 3
235 49 2
235 50 3
235 52 3
235 54 3
235 62 2
235 63 2
235 64 3
235 67 2
235 68 2
235 69 3
235 71 3
235 72 2
235 73 3
235 80 2
235 82 2
235 83 3
235 85 3
235 86 2
235 89 3
235 95 3
235 96 3
235 100 3
235 105 2
235 108 2
235 109 3
235 111 3
235 115 3
235 117 3
235 118 2
235 121 3
235 122 2
235 123 2
235 125 3
235 128 2
235 132 3
235 135 3
235 136 3
235 141 3
235 148 2
235 151 3
235 152 2
235 153 3
235 154 3
235 156 3
235 157 3
235 159 2
235 160 3
235 161 2
235 162 3
235 163 2
235 164 3
235 167 2
235 168 3
235 171 2
235 172 3
235 173 3
235 174 3
235 175 3
235 176 3
235 182 3
235 183 3
235 184 2
235 185 3
235 186 3
235 187 3
235 188 3
235 190 3
235 191 3
235 195 3
235 196 3
235 199 3
235 200 3
235 204 3
235 206 2
235 211 3
235 214 2
235 215 3
235 216 3
235 217 2
235 218 3
235 219 2
235 222 3
235 225 2
235 226 3
235 227 2
235 228 3
235 229 2
235 230 3
235 234 3
235 239 3
235 240 2
235 245 2
235 246 3
235 250 3
235 252 2
235 254 1
235 255 2
235 257 3
235 258 3
235 260 2
235 264 2
235 273 2
235 284 2
235 290 2
235 291 2
235 294 2
235 299 2
235 300 3
235 307 3
235 313 3
235 317 3
235 318 3
235 321 2
235 327 2
235 331 2
235 338 1
235 343 2
235 351 1
235 354 3
235 357 3
235 358 2
235 367 2
235 369 2
235 376 2
235 380 3
235 381 3
235 382 2
235 384 2
235 385 3
235 386 2
235 392 2
235 393 3
235 394 3
235 399 2
235 402 3
235 403 3
235 404 3
235 410 2
235 411 2
235 413 2
235 423 3
235 424 1
235 431 2
235 433 3
235 434 3
235 435 3
235 436 3
235 443 3
235 447 3
235 448 2
235 451 3
235 455 2
235 462 3
235 465 3
235 470 2
235 473 2
235 474 3
235 476 2
235 520 3
235 541 2
235 542 2
235 546 2
235 550 3
235 554 2
235 561 2
235 566 3
235 567 1
235 568 3
235 569 2
235 571 1
235 572 2
235 573 2
235 576 2
235 577 2
235 578 2
235 584 2
235 587 3
235 588 3
235 597 2
235 616 2
235 625 2
235 628 3
235 631 2
235 637 2
235 640 2
235 649 3
235 652 3
235 655 3
235 659 3
235 665 2
235 672 2
235 673 3
235 675 3
235 679 3
235 684 3
235 693 3
235 696 2
235 697 3
235 710 2
235 713 3
235 715 2
235 717 2
235 720 2
235 729 3
235 732 3
235 743 2
235 746 3
235 748 2
235 751 3
235 752 2
235 756 2
235 760 2
235 762 3
235 780 2
235 781 2
235 786 2
235 790 2
235 792 3
235 797 2
235 800 2
235 820 2
235 821 2
235 825 3
235 826 2
235 831 2
235 834 1
235 841 2
235 845 3
235 862 1
235 885 1
235 890 2
235 895 2
235 924 3
235 926 2
235 928 2
235 929 2
235 943 2
235 944 2
235 961 2
235 977 2
235 983 2
236 21 2
236 23 3
236 26 3
236 38 2
236 39 2
236 43 3
236 47 3
236 65 3
236 66 3
236 72 2
236 73 2
236 83 3
236 90 2
236 92 3
236 95 3
236 96 3
236 98 3
236 102 2
236 111 2
236 125 3
236 132 3
236 133 3
236 157 3
236 159 2
236 161 2
236 168 3
236 172 3
236 174 3
236 179 3
236 186 3
236 200 3
236 204 3
236 215 3
236 216 3
236 217 2
236 218 3
236 219 2
236 226 3
236 238 3
236 265 3
236 276 3
236 287 3
236 288 2
236 313 3
236 325 2
236 327 2
236 340 3
236 347 3
236 367 2
236 381 3
236 392 2
236 400 2
236 411 2
236 433 3
236 447 3
236 454 2
236 503 3
236 504 3
236 506 4
236 537 4
236 546 2
236 553 2
236 559 2
236 568 3
236 581 3
236 585 3
236 595 2
236 628 3
236 642 3
236 649 3
236 655 3
236 658 3
236 660 3
236 708 2
236 710 2
236 715 3
236 721 2
236 723 2
236 739 2
236 742 3
236 746 3
236 748 2
236 761 3
236 762 2
236 785 2
236 787 3
236 790 2
236 794 3
236 821 2
236 845 3
236 895 2
236 974 2
237 5 2
237 11 3
237 12 3
237 14 3
237 28 3
237 30 3
237 42 3
237 47 3
237 50 4
237 56 3
237 58 3
237 65 3
237 69 3
237 70 3
237 77 3
237 79 3
237 82 3
237 83 3
237 86 3
237 87 3
237 88 3
237 89 3
237 90 2
237 91 2
237 95 3
237 97 3
237 98 3
237 99 3
237 111 3
237 116 3
237 118 2
237 124 4
237 131 3
237 132 3
237 133 3
237 134 3
237 137 3
237 143 3
237 144 3
237 145 2
237 151 3
237 154 3
237 155 2
237 161 3
237 162 3
237 166 3
237 168 3
237 170 3
237 173 3
237 174 4
237 176 3
237 179 3
237 180 3
237 181 3
237 183 3
237 185 3
237 186 3
237 190 3
237 191 3
237 195 3
237 197 3
237 204 3
237 207 3
237 208 3
237 211 3
237 212 2
237 213 3
237 214 2
237 216 3
237 217 2
237 218 3
237 219 2
237 229 2
237 234 3
237 237 3
237 238 3
237 239 3
237 244 2
237 253 3
237 254 2
237 265 3
237 275 3
237 276 2
237 281 2
237 283 3
237 286 3
237 287 2
237 288 3
237 292 4
237 301 2
237 318 4
237 378 3
237 381 3
237 393 3
237 402 3
237 404 3
237 412 2
237 415 2
237 418 3
237 419 2
237 421 3
237 423 3
237 428 3
237 432 3
237 433 3
237 435 3
237 436 2
237 447 3
237 450 2
237 451 3
237 463 3
237 466 3
237 473 2
237 478 3
237 480 3
237 482 3
237 483 4
237 484 4
237 485 3
237 496 3
237 497 3
237 499 3
237 501 3
237 507 3
237 512 3
237 514 3
237 517 3
237 518 3
237 521 3
237 523 3
237 559 2
237 566 3
237 581 3
237 582 3
237 583 2
237 584 3
237 588 3
237 603 3
237 607 2
237 614 3
237 629 2
237 640 3
237 642 3
237 651 3
237 652 3
237 654 3
237 655 3
237 657 3
237 660 3
237 663 3
237 665 2
237 672 2
237 674 2
237 683 2
237 684 3
237 692 3
237 696 3
237 697 3
237 698 2
237 699 3
237 702 2
237 705 3
237 707 3
237 708 3
237 709 3
237 710 2
237 727 3
237 730 3
237 732 3
237 736 3
237 737 2
237 739 2
237 746 3
237 747 3
237 748 2
237 753 2
237 755 2
237 770 2
237 778 2
237 781 2
237 794 2
237 812 1
237 842 2
237 843 3
237 946 3
237 955 3
237 969 2
238 15 3
238 21 2
238 100 3
238 118 2
238 121 3
238 181 4
238 220 2
238 237 3
238 245 2
238 255 2
238 269 3
238 280 2
238 286 3
238 321 2
238 471 3
238 476 2
238 815 2
238 866 2
239 7 3
239 13 2
239 14 3
239 100 3
239 121 3
239 147 3
239 237 3
239 240 2
239 242 3
239 246 3
239 257 3
239 273 3
239 276 3
239 282 3
239 285 3
239 288 2
239 301 2
239 405 2
239 475 3
239 591 3
239 895 2
240 70 3
240 171 3
240 198 3
240 242 3
240 243 1
240 271 2
240 272 3
240 283 3
240 300 3
240 310 3
240 312 3
240 313 3
240 328 2
240 329 2
240 340 3
240 350 2
240 512 3
240 515 3
240 582 2
240 690 3
240 736 3
240 749 2
240 750 3
240 751 2
240 886 2
240 904 3
240 921 3
240 937 3
241 1 3
241 7 3
241 9 3
241 15 3
241 25 3
241 121 3
241 259 2
241 288 2
241 294 2
241 683 2
242 7 2
242 11 2
242 12 2
242 14 2
242 17 2
242 22 2
242 26 2
242 27 2
242 29 2
242 31 2
242 33 2
242 38 2
242 39 2
242 41 2
242 42 3
242 44 2
242 53 2
242 54 3
242 55 2
242 56 2
242 62 2
242 64 2
242 67 2
242 68 2
242 79 2
242 82 2
242 98 2
242 100 2
242 117 2
242 129 2
242 144 2
242 150 2
242 154 2
242 156 2
242 159 2
242 161 2
242 168 2
242 174 3
242 176 2
242 177 2
242 182 2
242 184 2
242 186 2
242 195 2
242 203 2
242 204 2
242 209 3
242 210 2
242 219 2
242 226 2
242 228 2
242 229 2
242 230 2
242 231 2
242 234 2
242 240 1
242 273 3
242 276 2
242 281 2
242 286 2
242 288 2
242 294 2
242 318 2
242 342 2
242 350 2
242 367 2
242 385 2
242 401 2
242 403 2
242 410 2
242 436 2
242 449 2
242 452 2
242 482 2
242 508 2
242 546 2
242 554 2
242 559 2
242 569 2
242 572 2
242 576 2
242 578 2
242 591 3
242 628 2
242 635 2
242 636 2
242 672 2
242 684 2
242 685 2
242 695 2
242 710 2
242 746 2
242 769 2
242 780 2
242 800 2
242 810 2
242 834 1
242 873 1
242 943 2
242 975 2
243 12 3
243 271 2
243 309 3
243 313 3
243 340 4
243 343 2
243 358 2
243 644 3
243 678 2
243 687 2
244 9 3
244 50 3
244 100 3
244 245 2
244 251 3
244 258 3
244 275 3
244 748 2
244 751 2
244 906 3
244 912 1
244 916 2
245 7 2
245 9 2
245 23 2
245 28 2
245 50 2
245 55 2
245 64 3
245 79 2
245 87 2
245 100 2
245 117 2
245 118 2
245 121 2
245 123 2
245 127 2
245 144 2
245 147 2
245 150 2
245 174 3
245 181 2
245 195 2
245 203 2
245 204 2
245 208 2
245 209 2
245 221 2
245 235 2
245 237 2
245 245 2
245 246 2
245 248 2
245 273 2
245 276 2
245 291 2
245 293 2
245 295 2
245 310 2
245 313 2
245 324 2
245 325 1
245 330 1
245 333 2
245 340 2
245 346 2
245 405 2
245 408 2
245 410 2
245 460 1
245 475 2
245 479 2
245 480 2
245 504 2
245 544 2
245 591 2
245 595 2
245 597 2
245 603 2
245 628 2
245 644 2
245 689 2
245 742 2
245 744 2
245 748 2
245 762 2
245 763 2
245 818 1
245 823 2
245 829 2
245 831 1
245 840 1
245 844 1
245 845 2
245 881 1
245 886 2
245 895 2
245 908 1
245 919 2
245 959 2
245 979 2
246 268 3
246 269 3
246 270 2
246 288 2
246 292 2
246 294 2
246 301 2
246 302 3
246 303 3
246 326 2
246 327 2
246 328 2
246 332 2
246 334 2
246 359 1
246 688 1
246 690 2
246 754 2
246 883 2
246 887 3
246 888 2
247 1 3
247 5 2
247 7 3
247 9 3
247 11 3
247 17 2
247 27 2
247 28 3
247 31 3
247 55 3
247 56 3
247 65 3
247 68 2
247 69 3
247 70 3
247 89 3
247 91 2
247 96 3
247 98 3
247 100 4
247 111 2
247 117 4
247 123 2
247 135 3
247 144 3
247 147 3
247 148 2
247 150 3
247 151 3
247 153 4
247 156 3
247 157 3
247 158 2
247 174 4
247 176 4
247 180 3
247 183 3
247 204 4
247 206 4
247 209 3
247 218 3
247 222 4
247 227 2
247 231 2
247 233 2
247 234 3
247 248 2
247 252 2
247 260 2
247 281 2
247 284 2
247 286 3
247 288 2
247 290 2
247 293 3
247 298 2
247 300 3
247 367 2
247 405 2
247 410 2
247 435 3
247 447 3
247 469 3
247 470 3
247 483 4
247 484 3
247 498 3
247 544 2
247 546 2
247 559 2
247 582 4
247 591 4
247 597 2
247 629 4
247 642 3
247 678 2
247 742 3
247 748 2
247 760 2
247 815 2
247 823 2
247 845 2
247 866 2
247 926 2
247 963 3
247 981 2
248 262 2
248 268 2
248 269 3
248 271 2
248 286 2
248 292 3
248 301 2
248 303 2
248 305 2
248 307 2
248 319 2
248 321 2
248 327 2
248 333 2
248 338 2
248 340 2
248 344 2
248 750 3
248 884 2
248 896 2
248 900 3
248 902 2
249 9 3
249 15 3
249 59 3
249 60 3
249 61 3
249 100 3
249 117 3
249 118 2
249 122 1
249 127 3
249 137 3
249 170 3
249 171 3
249 179 3
249 212 2
249 224 3
249 248 3
249 251 2
249 269 3
249 273 3
249 276 3
249 285 3
249 286 3
249 288 3
249 291 2
249 293 3
249 310 3
249 337 1
249 381 3
249 410 2
249 459 2
249 473 2
249 546 2
249 558 3
249 742 3
249 748 2
249 753 3
249 763 2
249 936 3
249 983 1
250 1 3
250 2 2
250 3 2
250 4 4
250 7 3
250 10 3
250 12 4
250 13 3
250 15 3
250 26 2
250 28 3
250 29 2
250 35 2
250 38 2
250 39 2
250 49 3
250 51 3
250 54 3
250 56 3
250 58 3
250 60 4
250 64 4
250 65 3
250 66 3
250 67 2
250 70 2
250 71 3
250 73 3
250 77 3
250 79 3
250 80 2
250 81 3
250 82 3
250 83 4
250 86 3
250 87 3
250 88 3
250 89 3
250 90 2
250 92 3
250 94 2
250 95 3
250 97 3
250 98 4
250 99 3
250 100 3
250 101 3
250 110 3
250 112 3
250 114 4
250 117 2
250 121 3
250 123 2
250 125 3
250 126 3
250 127 3
250 131 4
250 132 3
250 133 4
250 134 3
250 135 3
250 136 4
250 139 2
250 141 4
250 142 2
250 143 3
250 144 3
250 145 2
250 152 2
250 153 3
250 154 4
250 155 2
250 157 4
250 158 3
250 161 3
250 162 3
250 163 4
250 164 3
250 166 3
250 167 3
250 168 3
250 169 4
250 173 3
250 174 4
250 176 3
250 177 3
250 179 3
250 180 3
250 182 3
250 183 4
250 185 3
250 187 3
250 191 3
250 192 3
250 193 4
250 194 3
250 195 3
250 196 3
250 197 3
250 199 3
250 200 3
250 202 3
250 203 3
250 204 3
250 205 3
250 207 3
250 208 3
250 210 3
250 211 3
250 215 3
250 216 3
250 218 3
250 222 3
250 223 4
250 225 2
250 226 3
250 227 2
250 229 2
250 231 2
250 233 4
250 237 3
250 238 3
250 239 4
250 241 2
250 245 2
250 252 3
250 254 3
250 258 3
250 264 3
250 265 3
250 269 3
250 270 4
250 272 3
250 274 3
250 275 4
250 277 4
250 278 3
250 280 2
250 281 2
250 282 2
250 283 4
250 288 3
250 290 2
250 292 4
250 294 2
250 299 3
250 300 3
250 301 2
250 302 3
250 304 2
250 305 3
250 310 2
250 311 2
250 312 2
250 313 4
250 315 3
250 316 4
250 328 2
250 332 2
250 340 2
250 354 3
250 357 4
250 367 2
250 371 2
250 373 3
250 378 4
250 380 3
250 381 3
250 382 3
250 383 1
250 384 2
250 385 3
250 387 3
250 393 3
250 395 3
250 396 2
250 400 2
250 401 2
250 402 3
250 414 3
250 416 3
250 417 2
250 418 3
250 419 2
250 421 4
250 422 3
250 428 3
250 431 4
250 432 3
250 433 3
250 434 3
250 435 3
250 443 3
250 448 2
250 451 3
250 455 2
250 462 3
250 465 2
250 467 4
250 469 3
250 470 2
250 471 3
250 472 2
250 474 3
250 476 2
250 477 2
250 478 4
250 479 3
250 480 3
250 481 3
250 482 3
250 483 4
250 484 4
250 487 4
250 488 3
250 490 4
250 491 4
250 493 4
250 494 3
250 495 3
250 496 4
250 497 3
250 499 4
250 500 4
250 502 3
250 503 3
250 505 3
250 506 4
250 507 4
250 509 3
250 510 3
250 511 4
250 514 3
250 518 3
250 520 4
250 523 3
250 525 4
250 526 3
250 527 4
250 528 4
250 530 3
250 535 2
250 549 3
250 550 3
250 553 2
250 557 3
250 558 2
250 559 2
250 561 2
250 566 3
250 568 3
250 570 3
250 582 3
250 583 2
250 589 4
250 591 3
250 602 3
250 604 3
250 606 3
250 607 3
250 608 3
250 609 3
250 610 4
250 611 3
250 612 3
250 613 4
250 614 3
250 618 3
250 620 2
250 622 2
250 629 3
250 630 3
250 631 3
250 632 3
250 633 4
250 637 2
250 642 2
250 647 3
250 648 4
250 650 3
250 651 4
250 655 4
250 657 3
250 659 4
250 660 3
250 661 3
250 663 3
250 673 3
250 679 3
250 685 3
250 686 3
250 689 3
250 692 3
250 693 3
250 700 2
250 704 2
250 705 3
250 707 3
250 708 3
250 709 3
250 710 2
250 712 2
250 714 4
250 715 3
250 716 3
250 717 2
250 723 3
250 727 3
250 728 2
250 729 3
250 731 2
250 735 3
250 736 3
250 742 3
250 747 3
250 748 2
250 751 3
250 761 2
250 762 2
250 765 2
250 771 2
250 774 2
250 775 2
250 778 2
250 783 2
250 785 2
250 790 2
250 792 4
250 794 2
250 801 2
250 807 1
250 815 2
250 821 2
250 823 2
250 832 3
250 837 4
250 842 3
250 845 3
250 846 2
250 847 3
250 865 4
250 869 2
250 873 1
250 878 2
250 900 4
250 902 3
250 904 2
250 905 2
250 908 1
250 921 4
250 923 4
250 926 3
250 928 2
250 934 2
250 936 4
250 939 3
250 940 2
250 942 3
250 951 2
250 956 3
250 965 3
250 966 3
250 967 3
250 969 3
251 242 2
251 243 1
251 259 1
251 260 1
251 262 2
251 268 2
251 269 2
251 270 2
251 286 2
251 288 2
251 289 2
251 292 2
251 294 2
251 299 2
251 300 2
251 301 2
251 303 2
251 305 3
251 307 2
251 308 3
251 319 2
251 322 2
251 323 2
251 325 2
251 327 2
251 328 2
251 329 2
251 330 1
251 331 2
251 332 2
251 333 2
251 336 3
251 337 1
251 359 1
251 360 1
251 457 1
251 680 1
251 681 1
251 682 2
251 687 1
251 749 1
251 872 1
251 874 2
251 875 2
251 877 1
251 879 2
251 880 2
251 881 1
251 882 1
251 883 1
251 884 2
251 937 2
251 938 1
251 984 1
251 989 1
251 991 1
251 995 2
252 7 3
252 8 3
252 14 3
252 22 3
252 25 2
252 27 2
252 45 3
252 48 3
252 52 3
252 58 3
252 60 3
252 61 3
252 62 2
252 64 4
252 66 2
252 69 3
252 70 3
252 73 3
252 86 3
252 88 3
252 89 3
252 96 3
252 97 3
252 99 3
252 111 3
252 121 3
252 124 3
252 127 3
252 132 3
252 134 3
252 135 3
252 136 3
252 143 3
252 152 3
252 154 3
252 156 3
252 161 3
252 162 3
252 163 3
252 168 3
252 170 3
252 171 3
252 173 3
252 174 3
252 180 3
252 181 3
252 183 3
252 185 3
252 186 3
252 187 3
252 188 3
252 191 3
252 194 3
252 195 3
252 197 3
252 201 2
252 202 3
252 203 3
252 204 3
252 207 3
252 212 2
252 216 3
252 234 3
252 237 3
252 243 2
252 245 2
252 259 2
252 269 3
252 276 3
252 286 3
252 294 2
252 318 3
252 371 2
252 384 2
252 404 3
252 418 3
252 419 3
252 420 3
252 423 3
252 427 3
252 430 3
252 432 3
252 435 3
252 443 3
252 455 3
252 458 3
252 461 3
252 462 3
252 465 2
252 467 3
252 472 2
252 479 3
252 482 3
252 483 4
252 485 3
252 488 3
252 491 3
252 492 3
252 494 3
252 495 3
252 496 3
252 498 3
252 502 3
252 506 3
252 510 3
252 513 3
252 517 3
252 518 3
252 521 2
252 523 3
252 526 3
252 530 3
252 531 3
252 554 2
252 576 2
252 588 3
252 597 2
252 603 3
252 609 2
252 614 3
252 615 3
252 624 3
252 631 2
252 636 2
252 641 4
252 648 3
252 654 3
252 659 3
252 660 3
252 684 3
252 729 3
252 736 3
252 780 2
252 781 2
252 792 3
252 805 3
252 815 2
252 863 3
252 874 4
252 924 2
252 947 2
252 969 2
252 971 3
253 3 2
253 4 3
253 7 3
253 9 3
253 11 3
253 12 4
253 17 2
253 22 3
253 24 2
253 33 3
253 42 3
253 48 3
253 49 2
253 50 3
253 53 2
253 59 3
253 68 2
253 69 3
253 73 2
253 79 3
253 80 2
253 93 3
253 94 3
253 97 3
253 98 3
253 100 4
253 117 3
253 122 2
253 125 3
253 132 3
253 143 3
253 154 3
253 156 3
253 157 3
253 158 2
253 164 3
253 168 3
253 172 3
253 174 3
253 181 3
253 186 3
253 188 2
253 196 3
253 204 3
253 210 3
253 231 2
253 233 2
253 238 3
253 239 2
253 246 3
253 248 3
253 254 2
253 258 3
253 268 3
253 276 3
253 288 3
253 298 3
253 318 3
253 354 2
253 356 2
253 357 3
253 364 2
253 367 2
253 369 2
253 384 2
253 385 3
253 393 3
253 401 2
253 402 3
253 410 2
253 412 2
253 416 3
253 421 3
253 423 3
253 424 2
253 427 3
253 456 1
253 471 2
253 475 3
253 476 2
253 496 3
253 508 3
253 509 3
253 515 3
253 550 3
253 552 2
253 566 3
253 568 3
253 578 2
253 586 2
253 591 3
253 628 2
253 651 3
253 655 3
253 684 3
253 693 3
253 697 2
253 717 2
253 721 2
253 742 3
253 871 2
253 959 3
253 963 4
253 975 3
254 1 3
254 11 2
254 12 3
254 15 3
254 22 3
254 28 3
254 50 3
254 51 2
254 55 3
254 56 2
254 58 2
254 66 2
254 69 3
254 70 3
254 73 2
254 76 2
254 77 3
254 79 2
254 82 3
254 87 3
254 88 2
254 89 2
254 96 3
254 97 2
254 98 2
254 99 3
254 100 3
254 107 2
254 114 3
254 117 2
254 118 2
254 121 2
254 124 3
254 131 2
254 133 3
254 134 2
254 136 3
254 143 3
254 144 3
254 153 3
254 161 3
254 162 2
254 164 2
254 169 3
254 172 2
254 173 3
254 174 3
254 181 2
254 182 2
254 185 2
254 191 3
254 195 3
254 196 3
254 197 3
254 199 3
254 202 3
254 203 2
254 204 3
254 210 3
254 211 2
254 215 2
254 222 2
254 228 2
254 234 3
254 237 3
254 245 2
254 248 3
254 250 2
254 255 2
254 257 2
254 258 3
254 259 1
254 260 1
254 270 2
254 272 2
254 277 3
254 279 4
254 286 3
254 289 2
254 293 2
254 300 3
254 310 2
254 315 2
254 316 3
254 317 2
254 318 3
254 322 2
254 323 2
254 326 2
254 356 2
254 357 2
254 378 3
254 385 3
254 392 2
254 414 3
254 418 3
254 419 2
254 423 3
254 427 2
254 431 2
254 434 3
254 435 3
254 451 2
254 465 2
254 468 3
254 474 2
254 478 3
254 479 2
254 482 2
254 483 3
254 484 3
254 485 3
254 487 2
254 490 2
254 492 2
254 493 3
254 496 3
254 497 3
254 507 2
254 509 2
254 519 2
254 520 3
254 526 2
254 528 3
254 531 2
254 566 2
254 568 3
254 603 2
254 605 2
254 607 2
254 610 2
254 612 3
254 614 2
254 627 2
254 631 2
254 633 3
254 642 2
254 649 3
254 651 3
254 654 2
254 655 2
254 657 3
254 659 3
254 660 2
254 661 2
254 678 2
254 685 2
254 686 3
254 692 2
254 693 3
254 694 3
254 705 3
254 707 3
254 724 2
254 735 2
254 736 2
254 740 1
254 742 2
254 746 2
254 836 2
254 837 2
254 842 2
254 873 1
254 875 1
254 879 2
254 939 2
254 945 3
254 956 2
254 968 3
255 1 3
255 2 2
255 4 3
255 7 3
255 8 3
255 9 3
255 12 3
255 14 3
255 17 2
255 20 3
255 24 2
255 25 2
255 31 3
255 39 2
255 40 2
255 42 3
255 44 3
255 47 3
255 53 3
255 56 3
255 57 3
255 58 3
255 64 4
255 69 3
255 70 2
255 71 3
255 87 3
255 95 3
255 96 3
255 97 3
255 98 3
255 100 3
255 118 2
255 123 2
255 125 3
255 126 3
255 127 3
255 135 3
255 148 2
255 161 3
255 170 3
255 174 4
255 176 3
255 191 3
255 196 3
255 197 3
255 204 3
255 214 2
255 217 2
255 222 3
255 223 3
255 228 3
255 234 3
255 237 3
255 241 2
255 245 2
255 252 2
255 255 2
255 257 3
255 265 3
255 270 3
255 275 3
255 276 3
255 277 3
255 279 2
255 281 2
255 282 3
255 288 3
255 289 2
255 291 2
255 292 2
255 293 3
255 300 3
255 301 2
255 304 3
255 307 3
255 313 3
255 317 3
255 318 3
255 321 2
255 323 2
255 334 2
255 343 2
255 380 3
255 382 3
255 393 3
255 402 3
255 405 2
255 423 3
255 428 3
255 447 3
255 455 2
255 462 3
255 465 2
255 471 3
255 475 3
255 504 3
255 508 3
255 511 3
255 515 3
255 518 3
255 529 3
255 531 3
255 582 3
255 584 2
255 591 3
255 597 2
255 627 2
255 628 3
255 629 3
255 647 3
255 660 3
255 678 2
255 692 3
255 694 3
255 709 3
255 724 3
255 727 2
255 738 2
255 747 3
255 755 3
255 778 2
255 898 2
255 934 2
255 939 3
256 1 3
256 3 2
256 4 3
256 9 3
256 12 3
256 13 3
256 22 3
256 23 3
256 32 3
256 42 3
256 46 3
256 50 3
256 53 2
256 54 2
256 57 3
256 60 3
256 61 3
256 68 2
256 69 3
256 71 3
256 79 3
256 80 2
256 86 3
256 91 2
256 92 3
256 95 3
256 97 3
256 100 4
256 101 2
256 111 3
256 121 3
256 125 3
256 127 3
256 133 3
256 135 3
256 143 3
256 161 3
256 168 3
256 170 3
256 172 3
256 174 4
256 175 3
256 177 3
256 179 3
256 181 3
256 182 3
256 185 3
256 186 3
256 187 3
256 188 2
256 194 3
256 196 3
256 197 3
256 200 3
256 202 3
256 210 3
256 211 3
256 218 3
256 222 3
256 226 2
256 228 3
256 231 2
256 232 2
256 234 3
256 238 3
256 268 3
256 273 3
256 274 3
256 282 3
256 286 3
256 294 2
256 325 2
256 346 3
256 357 3
256 366 3
256 369 2
256 380 3
256 403 2
256 410 2
256 414 3
256 419 3
256 421 3
256 423 3
256 427 3
256 431 2
256 432 3
256 433 3
256 443 3
256 448 2
256 449 2
256 452 2
256 460 2
256 461 3
256 462 3
256 474 3
256 475 3
256 479 3
256 484 4
256 490 3
256 498 3
256 505 3
256 506 3
256 508 3
256 523 3
256 546 2
256 559 2
256 568 3
256 578 2
256 581 3
256 582 3
256 603 3
256 608 4
256 616 3
256 640 2
256 655 3
256 658 3
256 660 3
256 662 3
256 672 2
256 673 3
256 693 3
256 696 2
256 708 3
256 710 2
256 715 2
256 720 2
256 721 2
256 737 2
256 743 3
256 763 2
256 789 3
256 806 3
256 818 2
256 845 3
256 864 2
256 919 3
256 922 3
256 933 2
256 943 3
256 955 3
256 959 3
256 963 4
256 979 2
256 985 2
257 4 4
257 7 4
257 8 3
257 9 3
257 11 3
257 12 4
257 14 3
257 15 3
257 20 3
257 27 2
257 31 4
257 38 2
257 44 4
257 45 4
257 48 4
257 50 4
257 51 3
257 52 4
257 53 2
257 54 2
257 56 3
257 57 4
257 58 4
257 59 3
257 62 2
257 64 4
257 65 4
257 66 3
257 70 3
257 77 3
257 79 4
257 82 4
257 83 3
257 86 3
257 89 4
257 91 2
257 94 4
257 96 4
257 97 4
257 100 3
257 105 2
257 114 4
257 117 4
257 118 2
257 122 2
257 127 4
257 132 3
257 134 3
257 137 3
257 143 4
257 144 4
257 148 2
257 151 4
257 155 2
257 156 3
257 157 4
257 161 3
257 162 3
257 164 4
257 168 4
257 172 4
257 173 4
257 174 4
257 176 4
257 180 4
257 181 4
257 182 3
257 183 4
257 185 4
257 186 4
257 190 4
257 191 3
257 192 3
257 193 4
257 194 4
257 195 4
257 196 3
257 197 3
257 200 4
257 203 4
257 204 4
257 209 4
257 214 2
257 215 3
257 216 3
257 218 3
257 219 2
257 226 3
257 229 2
257 230 4
257 231 2
257 232 2
257 234 3
257 235 2
257 237 4
257 239 4
257 240 3
257 241 2
257 243 2
257 248 3
257 257 3
257 258 3
257 265 4
257 282 3
257 285 3
257 288 3
257 304 2
257 318 4
257 357 3
257 366 2
257 370 2
257 372 3
257 373 2
257 378 3
257 380 4
257 385 3
257 393 3
257 395 3
257 401 3
257 402 3
257 403 3
257 405 2
257 410 3
257 411 2
257 412 2
257 417 2
257 425 3
257 428 4
257 436 4
257 443 4
257 448 2
257 450 2
257 452 2
257 453 2
257 455 2
257 456 2
257 458 2
257 462 3
257 469 3
257 470 3
257 471 3
257 472 2
257 473 3
257 474 3
257 476 2
257 483 4
257 500 4
257 507 3
257 509 3
257 527 3
257 529 3
257 531 3
257 540 2
257 546 2
257 549 3
257 553 2
257 559 2
257 566 4
257 568 3
257 582 3
257 584 2
257 588 4
257 597 2
257 623 2
257 628 4
257 629 3
257 631 2
257 632 4
257 636 2
257 640 2
257 651 4
257 655 4
257 658 3
257 664 3
257 673 4
257 679 3
257 692 3
257 699 3
257 704 2
257 708 2
257 709 3
257 717 2
257 720 2
257 722 2
257 727 2
257 729 3
257 732 4
257 739 3
257 742 3
257 744 3
257 747 3
257 755 4
257 756 2
257 758 1
257 769 3
257 770 2
257 775 2
257 783 2
257 792 4
257 819 2
257 825 3
257 841 2
257 845 3
257 871 2
257 931 2
257 934 2
257 948 2
257 949 3
257 959 3
257 980 3
258 8 3
258 9 3
258 12 4
258 13 2
258 14 3
258 20 3
258 23 3
258 25 3
258 28 3
258 32 3
258 48 3
258 50 3
258 57 3
258 58 3
258 86 3
258 96 3
258 98 3
258 117 3
258 121 2
258 124 3
258 126 3
258 127 3
258 129 3
258 134 3
258 143 3
258 144 3
258 147 2
258 152 3
258 169 4
258 174 4
258 178 3
258 179 3
258 180 3
258 181 3
258 182 3
258 183 3
258 189 3
258 190 3
258 191 3
258 192 3
258 193 3
258 195 3
258 203 3
258 208 3
258 209 3
258 234 3
258 237 3
258 238 3
258 245 2
258 250 2
258 255 2
258 273 3
258 278 2
258 282 2
258 283 3
258 284 2
258 285 3
258 286 3
258 287 2
258 288 2
258 293 3
258 298 3
258 301 2
258 304 3
258 307 2
258 317 3
258 318 4
258 319 2
258 321 2
258 330 2
258 333 2
258 346 2
258 357 3
258 387 3
258 405 2
258 408 3
258 410 2
258 423 3
258 425 3
258 427 3
258 430 3
258 467 4
258 469 4
258 473 2
258 474 3
258 496 3
258 509 3
258 514 3
258 517 3
258 521 3
258 526 3
258 529 3
258 530 3
258 546 2
258 582 3
258 588 3
258 589 3
258 591 3
258 597 2
258 603 3
258 632 3
258 644 3
258 648 3
258 651 3
258 654 3
258 663 3
258 685 3
258 694 4
258 696 2
258 704 2
258 709 3
258 717 2
258 736 3
258 742 2
258 750 3
258 753 3
258 792 3
258 844 2
258 847 3
258 896 3
258 925 2
258 939 3
258 952 2
258 956 3
258 980 2
259 1 3
259 3 2
259 7 3
259 8 3
259 15 3
259 16 2
259 19 2
259 22 3
259 25 2
259 100 3
259 108 2
259 111 3
259 117 3
259 120 2
259 121 3
259 123 2
259 134 3
259 147 3
259 148 2
259 164 3
259 172 3
259 174 3
259 181 3
259 194 3
259 216 3
259 220 2
259 222 3
259 225 2
259 230 2
259 245 2
259 249 2
259 250 3
259 255 3
259 258 3
259 264 2
259 278 2
259 282 3
259 286 3
259 289 2
259 291 2
259 295 3
259 300 3
259 301 2
259 322 2
259 323 2
259 328 2
259 332 2
259 333 2
259 336 2
259 357 3
259 358 2
259 411 2
259 472 2
259 473 2
259 523 3
259 546 2
259 568 3
259 596 2
259 597 2
259 651 3
259 676 3
259 678 2
259 685 3
259 687 2
259 742 3
259 748 2
259 815 2
259 825 2
259 827 2
259 832 2
259 846 2
259 864 2
259 866 2
259 873 2
259 879 3
259 934 2
259 969 3
259 978 2
259 989 2
260 1 3
260 7 3
260 10 3
260 14 3
260 20 2
260 117 3
260 127 3
260 129 3
260 146 1
260 221 3
260 224 3
260 242 4
260 248 2
260 250 2
260 253 2
260 257 3
260 258 3
260 273 3
260 275 3
260 276 3
260 279 2
260 286 3
260 289 2
260 294 2
260 297 2
260 301 2
260 302 3
260 303 2
260 307 2
260 311 2
260 322 2
260 327 2
260 458 2
260 515 3
260 532 4
260 591 3
260 676 3
260 713 3
260 744 3
261 121 3
261 158 2
261 242 3
261 255 2
261 269 3
261 285 3
261 302 3
261 304 2
261 319 2
261 347 2
261 682 2
262 11 3
262 22 3
262 100 4
262 136 3
262 237 3
262 259 2
262 271 2
262 288 2
262 289 2
262 292 3
262 300 3
262 313 3
262 321 2
262 332 2
262 358 2
262 678 2
262 682 2
262 866 3
262 895 2
263 3 2
263 7 3
263 10 2
263 14 3
263 15 3
263 20 2
263 24 2
263 50 3
263 93 2
263 100 3
263 103 1
263 107 2
263 112 1
263 116 3
263 117 2
263 121 2
263 124 3
263 126 3
263 127 3
263 137 3
263 147 2
263 149 2
263 150 3
263 151 2
263 221 2
263 224 3
263 225 2
263 235 2
263 242 2
263 243 1
263 244 2
263 248 3
263 249 2
263 250 3
263 253 3
263 257 2
263 258 3
263 268 3
263 270 3
263 274 2
263 282 2
263 283 3
263 284 2
263 285 2
263 288 2
263 301 2
263 304 2
263 306 2
263 311 2
263 319 2
263 347 2
263 362 1
263 455 2
263 472 2
263 473 2
263 475 2
263 477 2
263 508 2
263 544 2
263 593 3
263 596 2
263 597 2
263 689 2
263 741 2
263 744 2
263 751 2
263 819 2
263 845 3
263 864 2
263 870 2
263 880 2
263 887 3
263 926 1
263 930 2
263 950 1
263 952 2
263 988 2
263 993 2
264 16 2
264 116 3
264 176 3
264 181 3
264 194 3
264 248 2
264 258 3
264 260 2
264 269 3
264 286 3
264 289 2
264 293 3
264 298 3
264 300 3
264 301 2
264 321 2
264 322 2
264 328 2
264 333 3
264 358 2
264 482 3
264 603 3
264 678 2
264 705 3
264 709 3
264 748 2
264 879 2
265 1 3
265 7 3
265 8 3
265 12 3
265 22 3
265 28 3
265 32 3
265 56 3
265 64 4
265 87 3
265 97 3
265 100 3
265 109 2
265 114 4
265 132 3
265 134 3
265 136 3
265 143 3
265 154 3
265 169 4
265 172 3
265 174 4
265 175 3
265 179 3
265 180 3
265 181 3
265 190 3
265 191 3
265 194 3
265 198 3
265 199 3
265 202 3
265 257 3
265 258 3
265 283 3
265 286 3
265 300 3
265 318 3
265 319 2
265 395 2
265 404 3
265 423 3
265 428 3
265 474 3
265 475 3
265 478 3
265 481 3
265 496 3
265 529 3
265 584 2
265 588 3
265 603 3
265 615 3
265 638 3
265 651 3
265 656 4
265 705 3
265 855 3
266 2 2
266 11 3
266 22 3
266 24 2
266 27 2
266 50 3
266 55 3
266 56 3
266 62 2
266 79 3
266 87 3
266 89 3
266 95 3
266 96 3
266 98 3
266 117 3
266 127 3
266 128 2
266 144 3
266 174 4
266 181 3
266 182 3
266 183 3
266 184 2
266 187 3
266 188 3
266 210 3
266 231 2
266 232 2
266 258 3
266 265 3
266 268 3
266 269 3
266 273 2
266 288 2
266 292 2
266 294 2
266 302 3
266 306 2
266 308 3
266 313 3
266 315 3
266 321 2
266 324 2
266 326 2
266 327 2
266 328 3
266 331 3
266 333 2
266 334 2
266 346 3
266 349 2
266 350 2
266 354 2
266 357 3
266 385 3
266 405 2
266 455 2
266 518 3
266 546 2
266 550 3
266 566 3
266 568 3
266 651 3
266 682 2
266 748 2
266 873 2
266 882 3
266 885 2
266 898 1
266 902 2
266 908 1
266 995 2
267 7 3
267 10 3
267 24 2
267 50 3
267 93 3
267 100 3
267 108 2
267 109 2
267 150 3
267 240 2
267 246 3
267 248 3
267 249 2
267 264 2
267 268 3
267 269 3
267 273 3
267 276 3
267 298 2
267 327 2
267 340 3
267 455 2
267 475 3
267 742 3
267 762 2
267 919 3
268 1 3
268 4 3
268 7 3
268 8 3
268 13 2
268 15 3
268 19 3
268 22 3
268 23 3
268 25 2
268 31 3
268 39 2
268 42 3
268 47 3
268 51 2
268 56 3
268 58 3
268 69 3
268 70 3
268 71 3
268 95 3
268 96 3
268 97 3
268 98 3
268 100 3
268 111 3
268 116 3
268 118 2
268 121 3
268 126 3
268 132 3
268 137 3
268 144 3
268 150 3
268 153 3
268 157 3
268 159 2
268 160 3
268 170 3
268 172 3
268 173 3
268 178 3
268 180 3
268 181 3
268 182 3
268 191 3
268 192 3
268 195 3
268 200 3
268 209 3
268 214 2
268 216 3
268 222 3
268 238 3
268 246 3
268 251 2
268 257 3
268 258 3
268 273 3
268 283 3
268 285 3
268 293 3
268 294 2
268 297 3
268 318 3
268 321 3
268 357 3
268 367 2
268 377 1
268 405 2
268 411 2
268 423 3
268 427 3
268 428 3
268 435 3
268 462 3
268 469 3
268 471 2
268 475 3
268 498 3
268 507 3
268 529 3
268 544 2
268 582 3
268 603 3
268 612 3
268 642 3
268 655 3
268 662 3
268 692 2
268 699 3
268 724 3
268 742 3
268 826 2
268 856 3
268 926 2
268 952 2
269 64 4
269 65 4
269 127 3
269 134 4
269 136 4
269 153 4
269 194 3
269 199 4
269 215 4
269 286 4
269 306 3
269 483 4
269 484 4
269 490 4
269 495 4
269 507 4
269 511 4
269 520 3
269 530 4
269 582 4
269 605 3
269 610 4
269 611 4
269 641 4
269 654 4
269 656 4
269 705 4
269 855 4
269 923 4
270 1 3
270 7 3
270 9 3
270 13 2
270 19 2
270 50 3
270 93 3
270 100 3
270 118 2
270 125 2
270 150 3
270 181 3
270 221 2
270 235 2
270 248 3
270 257 2
270 258 3
270 276 3
270 283 3
270 284 2
270 285 3
270 286 3
270 293 3
270 294 2
270 295 3
270 360 2
270 458 2
270 471 2
270 475 3
270 508 3
270 544 2
270 546 2
270 813 3
270 824 1
270 919 3
270 950 2
270 952 2
271 1 3
271 8 3
271 50 3
271 94 2
271 95 3
271 99 3
271 140 2
271 225 2
271 404 3
271 418 3
271 477 2
271 501 3
271 596 2
271 768 2
271 878 2
271 932 2
271 969 2
272 1 3
272 2 2
272 3 2
272 4 3
272 7 3
272 11 3
272 12 3
272 21 3
272 24 2
272 27 3
272 28 3
272 29 2
272 33 3
272 38 2
272 41 2
272 43 2
272 49 2
272 51 3
272 56 3
272 63 3
272 64 4
272 66 2
272 68 3
272 69 3
272 71 3
272 72 2
272 73 2
272 78 2
272 79 3
272 80 2
272 82 2
272 88 3
272 90 2
272 94 2
272 97 3
272 99 3
272 101 3
272 109 3
272 117 3
272 118 2
272 120 3
272 121 3
272 122 2
272 123 2
272 132 3
272 135 3
272 141 3
272 151 3
272 161 2
272 168 3
272 172 3
272 173 3
272 174 4
272 175 3
272 177 3
272 181 3
272 183 3
272 185 3
272 186 3
272 193 3
272 195 3
272 196 3
272 204 3
272 210 3
272 215 3
272 217 2
272 218 2
272 226 3
272 228 3
272 229 2
272 232 2
272 233 3
272 234 3
272 239 2
272 240 3
272 250 3
272 254 2
272 255 3
272 258 3
272 260 2
272 271 3
272 288 2
272 313 3
272 318 3
272 323 2
272 343 2
272 355 2
272 358 2
272 362 3
272 365 3
272 368 2
272 370 3
272 373 3
272 374 3
272 375 3
272 378 3
272 380 3
272 384 3
272 386 3
272 391 3
272 392 3
272 393 3
272 395 3
272 400 3
272 401 2
272 404 3
272 411 2
272 416 4
272 417 2
272 418 2
272 431 3
272 443 3
272 449 2
272 465 3
272 473 2
272 475 2
272 477 2
272 485 3
272 496 3
272 501 2
272 541 2
272 546 2
272 548 2
272 550 3
272 552 4
272 559 2
272 561 3
272 562 2
272 567 2
272 568 3
272 569 3
272 576 2
272 577 3
272 578 3
272 584 3
272 588 4
272 597 2
272 609 3
272 625 2
272 633 3
272 655 4
272 665 2
272 672 2
272 685 3
272 689 2
272 715 3
272 720 3
272 739 2
272 742 3
272 743 2
272 746 3
272 747 4
272 751 3
272 755 3
272 756 2
272 758 2
272 760 2
272 763 3
272 768 2
272 771 2
272 780 3
272 790 2
272 796 2
272 810 2
272 826 2
272 834 3
272 877 2
272 890 2
272 895 2
272 924 2
272 928 2
272 930 2
272 931 2
272 940 2
272 946 2
272 951 3
272 977 3
273 7 3
273 9 3
273 10 3
273 14 3
273 25 2
273 116 3
273 124 3
273 129 2
273 137 3
273 242 3
273 257 3
273 275 3
273 276 3
273 293 3
273 302 3
273 303 2
273 319 2
273 327 2
273 547 2
273 813 3
274 7 4
274 8 4
274 11 4
274 12 4
274 13 2
274 14 4
274 15 3
274 22 4
274 23 4
274 26 4
274 42 4
274 44 3
274 45 4
274 48 4
274 50 4
274 52 3
274 58 3
274 60 4
274 61 4
274 64 4
274 66 4
274 68 2
274 69 3
274 70 3
274 71 4
274 72 2
274 73 3
274 76 4
274 77 2
274 79 3
274 83 4
274 86 4
274 87 4
274 88 3
274 89 4
274 92 4
274 97 3
274 98 3
274 99 3
274 100 4
274 107 4
274 116 4
274 117 3
274 121 3
274 131 3
274 132 3
274 134 4
274 135 4
274 136 4
274 141 3
274 150 3
274 161 2
274 168 4
274 170 4
274 171 4
274 172 4
274 173 4
274 175 4
274 176 4
274 178 4
274 179 4
274 180 3
274 181 3
274 182 4
274 183 4
274 191 4
274 192 4
274 193 3
274 194 4
274 195 4
274 196 4
274 198 4
274 203 4
274 205 3
274 207 3
274 208 3
274 210 4
274 211 3
274 212 3
274 215 3
274 216 3
274 218 3
274 221 4
274 227 2
274 230 2
274 234 3
274 237 3
274 238 4
274 244 3
274 248 4
274 252 2
274 257 3
274 258 3
274 265 3
274 274 3
274 275 3
274 276 3
274 282 3
274 283 3
274 285 4
274 288 2
274 289 2
274 291 3
274 293 4
274 298 3
274 302 4
274 313 4
274 315 3
274 316 3
274 317 3
274 322 2
274 326 2
274 346 3
274 356 3
274 380 4
274 382 4
274 385 4
274 410 2
274 414 3
274 416 2
274 418 3
274 419 2
274 430 4
274 434 4
274 435 3
274 436 4
274 461 4
274 462 3
274 463 4
274 470 3
274 474 4
274 475 3
274 478 3
274 480 3
274 481 4
274 483 4
274 484 4
274 486 4
274 488 4
274 489 4
274 490 4
274 491 4
274 493 4
274 495 3
274 496 4
274 497 3
274 498 4
274 499 4
274 503 4
274 506 4
274 507 3
274 508 4
274 511 4
274 513 4
274 514 4
274 517 3
274 518 4
274 519 4
274 520 3
274 521 3
274 525 4
274 526 3
274 527 3
274 528 4
274 529 4
274 530 3
274 553 3
274 566 3
274 584 3
274 591 3
274 601 3
274 602 4
274 603 4
274 604 4
274 605 2
274 607 2
274 610 3
274 614 3
274 615 3
274 618 4
274 628 2
274 633 4
274 641 4
274 642 4
274 646 3
274 648 3
274 649 3
274 651 3
274 653 3
274 657 4
274 659 4
274 660 4
274 661 4
274 664 3
274 676 2
274 684 4
274 685 3
274 692 4
274 696 3
274 697 4
274 699 4
274 705 4
274 707 4
274 708 3
274 709 3
274 735 3
274 736 4
274 744 4
274 756 2
274 789 4
274 792 3
274 836 4
274 848 4
274 921 3
274 923 4
274 939 3
274 943 2
274 945 4
274 963 4
274 966 4
274 971 3
274 996 3
275 70 3
275 100 4
275 127 4
275 259 2
275 286 3
275 313 4
275 381 4
276 4 3
276 26 3
276 33 3
276 56 3
276 63 2
276 67 2
276 72 2
276 73 2
276 80 2
276 83 3
276 88 3
276 168 3
276 173 3
276 175 3
276 186 3
276 202 3
276 204 3
276 209 3
276 211 3
276 216 3
276 232 2
276 238 3
276 239 3
276 288 2
276 294 2
276 300 2
276 328 2
276 343 2
276 367 2
276 386 2
276 435 3
276 579 3
276 648 3
276 655 3
276 692 2
276 710 2
276 712 2
276 715 2
276 734 2
276 738 2
276 748 2
276 765 3
276 781 2
276 790 2
276 792 3
276 890 2
276 944 2
276 999 3
277 20 2
277 25 3
277 36 2
277 49 3
277 88 3
277 90 3
277 237 3
277 255 3
277 282 3
277 289 2
277 294 2
277 369 2
277 553 3
277 709 4
277 722 2
277 731 2
277 732 3
277 756 2
277 781 2
277 846 2
278 1 4
278 7 3
278 17 2
278 23 3
278 26 3
278 28 3
278 40 2
278 42 3
278 48 3
278 50 4
278 65 3
278 69 3
278 72 2
278 77 2
278 79 3
278 81 3
278 93 3
278 98 3
278 111 3
278 122 1
278 134 4
278 143 3
278 145 1
278 151 3
278 160 3
278 161 3
278 188 3
278 196 4
278 216 3
278 218 3
278 219 1
278 222 3
278 231 2
278 237 3
278 238 3
278 255 3
278 276 3
278 282 3
278 288 2
278 300 3
278 318 4
278 327 2
278 340 3
278 350 2
278 354 3
278 357 3
278 367 2
278 369 2
278 381 3
278 392 2
278 403 3
278 410 2
278 412 2
278 427 3
278 447 3
278 451 3
278 467 3
278 469 3
278 518 4
278 568 3
278 591 3
278 604 3
278 616 3
278 655 3
278 658 3
278 673 3
278 684 3
278 743 2
278 763 2
278 843 3
278 866 2
278 959 3
278 975 2
279 1 3
279 8 3
279 24 2
279 28 3
279 31 3
279 50 3
279 54 2
279 55 3
279 58 3
279 66 2
279 70 2
279 71 3
279 79 3
279 82 3
279 88 3
279 89 3
279 95 3
279 96 3
279 97 3
279 100 3
279 101 2
279 108 2
279 111 3
279 117 3
279 118 2
279 121 3
279 122 2
279 127 3
279 133 3
279 135 3
279 144 3
279 147 3
279 148 2
279 153 3
279 161 3
279 164 3
279 168 3
279 172 3
279 173 3
279 174 4
279 175 3
279 176 3
279 177 3
279 179 3
279 180 3
279 181 3
279 182 3
279 183 3
279 185 3
279 187 3
279 188 3
279 189 3
279 190 3
279 195 3
279 197 4
279 198 3
279 201 2
279 204 3
279 209 3
279 210 3
279 211 3
279 213 3
279 215 3
279 216 3
279 228 3
279 230 3
279 241 2
279 248 2
279 249 2
279 255 2
279 257 3
279 258 3
279 261 2
279 264 2
279 265 3
279 266 1
279 270 3
279 272 3
279 274 2
279 281 2
279 282 3
279 286 3
279 288 2
279 294 2
279 295 3
279 298 2
279 300 3
279 304 3
279 325 2
279 328 2
279 356 3
279 358 2
279 380 3
279 385 3
279 398 2
279 405 2
279 421 3
279 422 2
279 423 3
279 436 3
279 455 2
279 463 3
279 472 2
279 479 3
279 483 4
279 489 3
279 510 3
279 511 3
279 523 3
279 526 3
279 528 3
279 535 2
279 546 2
279 566 3
279 588 3
279 602 3
279 604 3
279 616 3
279 629 3
279 632 3
279 640 2
279 651 3
279 655 3
279 680 2
279 688 2
279 692 3
279 727 3
279 732 3
279 739 2
279 748 2
279 751 2
279 752 2
279 840 1
279 879 2
279 931 2
279 945 3
280 8 3
280 12 4
280 64 3
280 89 3
280 96 3
280 100 3
280 114 4
280 127 3
280 165 3
280 172 3
280 174 3
280 175 3
280 183 3
280 190 3
280 191 3
280 213 3
280 234 3
280 237 3
280 257 3
280 258 3
280 265 3
280 272 3
280 298 2
280 347 2
280 462 3
280 479 3
280 483 4
280 504 3
280 510 3
280 511 3
280 517 3
280 603 3
280 615 3
280 642 3
280 661 3
280 705 3
280 863 3
281 4 3
281 42 3
281 50 3
281 66 3
281 70 3
281 86 3
281 100 3
281 153 3
281 163 3
281 173 3
281 190 3
281 197 3
281 204 3
281 207 4
281 210 3
281 216 3
281 283 3
281 313 3
281 318 3
281 322 3
281 367 3
281 427 3
281 430 3
281 479 3
281 484 3
281 505 3
281 507 3
281 524 4
281 648 3
281 650 3
281 659 3
281 678 2
281 692 3
281 780 3
282 127 3
282 257 3
282 269 3
282 288 2
282 295 3
282 298 3
282 311 2
282 315 3
282 346 2
282 876 2
282 881 2
282 988 2
283 1 3
283 12 3
283 20 3
283 99 3
283 107 3
283 109 3
283 116 2
283 121 3
283 151 3
283 180 3
283 195 3
283 197 3
283 199 3
283 229 2
283 230 2
283 250 2
283 257 3
283 270 3
283 271 2
283 274 3
283 275 3
283 277 3
283 286 3
283 290 2
283 313 3
283 318 3
283 365 2
283 380 3
283 405 2
283 449 2
283 450 2
283 462 3
283 480 3
283 538 2
283 582 3
283 612 2
283 743 1
283 900 3
284 1 4
284 7 4
284 9 3
284 15 4
284 24 3
284 25 3
284 28 3
284 29 3
284 50 4
284 51 4
284 53 3
284 56 4
284 69 3
284 70 3
284 71 4
284 73 4
284 79 4
284 82 4
284 94 4
284 96 4
284 97 4
284 98 4
284 111 4
284 122 3
284 135 4
284 136 3
284 141 3
284 143 4
284 144 4
284 150 4
284 151 4
284 168 4
284 173 4
284 174 4
284 181 4
284 195 4
284 202 4
284 204 4
284 216 4
284 222 4
284 227 3
284 229 3
284 234 4
284 235 2
284 237 4
284 248 3
284 250 4
284 252 3
284 255 3
284 257 4
284 258 4
284 274 3
284 275 4
284 293 4
284 294 2
284 300 4
284 313 4
284 315 3
284 318 3
284 343 3
284 385 4
284 392 4
284 399 3
284 405 3
284 419 4
284 422 3
284 427 3
284 431 3
284 449 2
284 451 3
284 463 3
284 472 3
284 510 4
284 550 4
284 554 2
284 560 3
284 562 4
284 568 4
284 578 3
284 588 4
284 597 3
284 625 3
284 651 4
284 655 3
284 665 2
284 679 2
284 692 2
284 699 3
284 746 4
284 778 4
284 823 2
284 829 3
284 849 2
284 879 3
284 924 3
284 926 2
285 288 2
285 289 2
285 303 2
285 307 2
285 313 3
285 319 2
285 321 2
285 326 2
285 330 2
285 347 2
285 748 2
286 1 3
286 3 2
286 7 3
286 10 3
286 13 3
286 14 3
286 15 3
286 93 3
286 109 2
286 111 2
286 121 3
286 123 2
286 124 3
286 125 3
286 127 3
286 129 2
286 137 3
286 146 2
286 147 3
286 150 3
286 151 3
286 181 3
286 220 2
286 221 2
286 235 2
286 236 2
286 237 3
286 245 2
286 248 3
286 250 2
286 255 2
286 257 3
286 258 3
286 262 3
286 264 2
286 270 2
286 273 3
286 275 3
286 276 3
286 277 2
286 280 3
286 282 3
286 284 2
286 285 3
286 286 3
286 287 3
286 295 3
286 298 3
286 299 2
286 300 3
286 305 2
286 319 2
286 321 2
286 322 2
286 327 2
286 331 2
286 332 2
286 333 2
286 460 2
286 471 3
286 475 3
286 476 2
286 508 3
286 591 3
286 595 2
286 597 2
286 620 2
286 628 3
286 678 2
286 689 2
286 690 2
286 696 2
286 717 2
286 718 2
286 742 3
286 748 2
286 762 2
286 766 2
286 818 2
286 823 2
286 846 2
286 864 2
286 872 3
286 874 2
286 879 2
286 880 2
286 882 1
286 886 2
286 887 2
286 924 2
286 935 2
286 936 3
286 975 2
286 994 2
286 995 2
287 1 3
287 2 2
287 3 2
287 4 3
287 12 3
287 17 2
287 25 2
287 28 3
287 31 3
287 38 2
287 42 3
287 43 2
287 45 3
287 48 3
287 49 2
287 50 3
287 55 3
287 58 3
287 66 3
287 68 2
287 69 3
287 71 3
287 73 2
287 76 3
287 77 2
287 79 3
287 81 3
287 82 3
287 87 3
287 88 3
287 92 3
287 95 3
287 96 3
287 97 3
287 99 3
287 100 3
287 111 3
287 117 3
287 121 3
287 125 3
287 128 2
287 133 3
287 136 3
287 140 2
287 143 3
287 144 3
287 150 3
287 160 3
287 161 3
287 172 3
287 174 3
287 176 3
287 179 3
287 181 3
287 183 3
287 188 3
287 191 3
287 194 3
287 195 3
287 196 3
287 202 3
287 206 2
287 215 3
287 216 3
287 218 3
287 222 3
287 226 3
287 227 2
287 230 2
287 232 2
287 237 3
287 239 3
287 249 2
287 252 2
287 255 2
287 257 3
287 258 3
287 259 2
287 260 1
287 265 3
287 270 3
287 272 3
287 273 3
287 276 3
287 280 2
287 282 3
287 286 3
287 288 2
287 289 2
287 293 3
287 294 2
287 298 2
287 300 3
287 318 3
287 333 2
287 347 3
287 356 3
287 366 3
287 367 2
287 378 3
287 402 3
287 411 2
287 412 2
287 423 3
287 432 3
287 455 2
287 462 3
287 470 2
287 471 3
287 474 3
287 501 3
287 540 2
287 541 2
287 546 2
287 549 3
287 550 3
287 566 3
287 572 2
287 578 2
287 588 3
287 591 3
287 596 2
287 597 2
287 620 2
287 627 2
287 628 3
287 651 3
287 652 3
287 658 3
287 672 2
287 679 2
287 684 3
287 685 2
287 686 3
287 692 3
287 710 2
287 713 3
287 727 2
287 732 3
287 735 3
287 739 3
287 742 3
287 747 3
287 748 2
287 768 2
287 772 2
287 779 2
287 781 2
287 790 2
287 794 2
287 820 2
287 823 2
287 833 2
287 845 3
287 921 3
287 932 2
287 939 3
287 941 2
287 955 3
287 956 3
287 978 1
288 1 3
288 8 3
288 9 3
288 11 2
288 22 3
288 28 3
288 33 3
288 58 3
288 64 3
288 69 3
288 70 3
288 83 3
288 87 3
288 96 3
288 98 3
288 111 2
288 133 3
288 135 3
288 154 3
288 164 2
288 168 3
288 172 3
288 173 3
288 176 3
288 180 3
288 181 3
288 182 3
288 183 3
288 185 2
288 186 3
288 190 3
288 196 3
288 198 2
288 199 2
288 200 3
288 203 3
288 207 2
288 208 3
288 210 3
288 211 2
288 222 3
288 228 3
288 230 3
288 238 3
288 243 1
288 245 2
288 258 3
288 260 1
288 265 3
288 269 3
288 289 2
288 292 3
288 299 2
288 304 2
288 318 3
288 328 2
288 333 2
288 357 3
288 358 2
288 385 3
288 405 2
288 414 3
288 419 3
288 429 3
288 434 3
288 468 3
288 474 3
288 480 3
288 485 3
288 491 3
288 493 3
288 496 3
288 498 3
288 500 3
288 510 3
288 511 3
288 514 3
288 515 3
288 520 3
288 521 2
288 523 3
288 526 2
288 527 3
288 568 3
288 605 2
288 612 3
288 655 3
288 659 3
288 662 3
288 692 3
288 707 2
288 724 3
288 732 3
288 748 2
288 776 1
288 845 3
288 880 2
288 890 2
289 243 2
289 258 3
289 259 2
289 260 2
289 261 2
289 263 3
289 264 2
289 266 3
289 268 3
289 270 3
289 271 2
289 272 3
289 286 3
289 288 2
289 289 2
289 292 2
289 294 2
289 301 2
289 302 3
289 303 3
289 308 2
289 310 3
289 313 3
289 315 3
289 316 3
289 321 2
289 324 2
289 325 2
289 326 2
289 327 2
289 330 2
289 331 2
289 332 2
289 333 2
289 334 2
289 339 2
289 340 2
289 342 2
289 343 2
289 349 2
289 353 3
289 355 2
289 358 2
289 457 1
289 538 2
289 539 2
289 678 2
289 681 1
289 682 2
289 687 1
289 689 2
289 750 3
289 751 3
289 752 2
289 872 2
289 873 2
289 874 3
289 875 2
289 881 2
289 883 2
289 887 3
289 890 2
289 892 2
289 902 2
289 908 1
289 948 2
289 988 2
289 989 2
289 991 2
290 1 3
290 7 2
290 9 3
290 15 3
290 50 3
290 93 3
290 117 3
290 124 3
290 126 3
290 127 3
290 150 2
290 151 3
290 181 3
290 224 3
290 237 3
290 246 3
290 257 3
290 258 3
290 273 3
290 277 3
290 284 2
290 286 3
290 292 2
290 293 3
290 298 2
290 302 3
290 333 2
290 410 2
290 475 2
290 515 3
290 596 2
290 764 2
290 847 3
290 919 3
290 926 1
290 993 3
291 7 3
291 19 3
291 45 3
291 100 3
291 124 3
291 129 3
291 236 2
291 237 3
291 258 3
291 273 3
291 286 3
291 340 2
291 475 3
291 657 3
291 900 3
292 45 3
292 56 3
292 64 3
292 69 3
292 83 3
292 97 3
292 100 3
292 124 3
292 127 3
292 134 3
292 137 3
292 185 3
292 186 3
292 187 3
292 192 3
292 193 3
292 205 3
292 221 2
292 242 3
292 285 3
292 286 3
292 318 3
292 479 3
292 482 3
292 483 3
292 492 3
292 511 4
292 523 3
292 527 3
292 531 3
292 654 3
292 657 3
292 772 2
292 923 3
293 1 3
293 7 3
293 11 3
293 12 4
293 22 3
293 24 2
293 48 3
293 50 3
293 56 3
293 59 3
293 60 3
293 61 3
293 65 3
293 69 3
293 71 3
293 79 3
293 82 2
293 91 2
293 95 3
293 96 3
293 98 3
293 100 3
293 115 3
293 117 3
293 118 2
293 121 3
293 124 3
293 127 3
293 150 3
293 156 3
293 168 3
293 171 3
293 172 3
293 173 3
293 174 3
293 175 3
293 176 3
293 180 3
293 181 3
293 182 3
293 183 3
293 188 3
293 191 3
293 192 3
293 195 3
293 196 3
293 201 2
293 209 3
293 210 3
293 222 3
293 234 3
293 235 2
293 238 3
293 239 3
293 250 2
293 252 2
293 257 3
293 258 3
293 260 2
293 264 2
293 265 3
293 271 2
293 273 3
293 275 3
293 284 2
293 288 2
293 298 3
293 300 3
293 318 3
293 323 2
293 327 2
293 328 3
293 343 2
293 357 3
293 369 2
293 405 2
293 411 2
293 423 3
293 431 3
293 455 2
293 462 3
293 475 3
293 483 4
293 527 3
293 528 3
293 546 2
293 550 3
293 597 2
293 647 3
293 652 3
293 684 3
293 687 1
293 693 3
293 742 3
293 746 3
293 751 3
293 754 3
293 762 2
293 763 2
293 876 2
293 886 3
293 890 2
293 925 2
294 1 3
294 9 4
294 15 3
294 64 4
294 65 3
294 86 4
294 98 4
294 100 4
294 126 4
294 174 4
294 183 4
294 191 3
294 194 3
294 222 3
294 237 3
294 286 3
294 289 2
294 294 2
294 322 2
294 357 4
294 479 4
294 507 4
294 528 4
294 748 2
294 924 2
295 2 2
295 4 3
295 11 3
295 29 2
295 44 3
295 50 3
295 53 2
295 54 2
295 56 3
295 62 3
295 64 4
295 68 2
295 69 3
295 71 3
295 79 3
295 84 3
295 86 3
295 88 3
295 89 3
295 90 2
295 91 2
295 94 2
295 95 3
295 98 3
295 101 2
295 109 2
295 120 2
295 127 3
295 132 3
295 133 3
295 139 2
295 140 2
295 144 3
295 145 2
295 147 3
295 153 3
295 155 2
295 157 3
295 158 2
295 161 3
295 162 3
295 163 3
295 167 2
295 168 3
295 172 3
295 173 3
295 174 3
295 176 3
295 179 3
295 181 3
295 184 2
295 186 3
295 188 3
295 191 3
295 195 3
295 200 3
295 201 2
295 202 3
295 214 2
295 216 3
295 217 2
295 219 2
295 222 3
295 226 3
295 227 2
295 228 3
295 229 2
295 230 2
295 231 2
295 232 2
295 234 3
295 235 2
295 265 3
295 282 3
295 288 2
295 357 3
295 379 2
295 380 4
295 385 3
295 386 2
295 389 3
295 391 2
295 392 2
295 395 2
295 402 3
295 403 3
295 404 3
295 413 2
295 416 2
295 417 2
295 421 3
295 423 3
295 431 2
295 433 3
295 435 3
295 444 2
295 447 3
295 449 2
295 452 2
295 465 2
295 470 2
295 472 2
295 478 3
295 479 3
295 496 3
295 501 3
295 504 3
295 505 3
295 507 3
295 523 3
295 550 3
295 559 2
295 566 3
295 575 2
295 581 3
295 616 3
295 622 3
295 629 3
295 642 3
295 650 3
295 658 3
295 660 3
295 665 2
295 671 3
295 674 2
295 679 2
295 684 3
295 705 3
295 732 3
295 742 3
295 768 3
295 770 3
295 790 2
295 796 2
295 797 2
295 831 2
295 843 4
295 924 2
295 944 2
296 7 3
296 10 3
296 17 2
296 33 3
296 38 2
296 39 2
296 42 3
296 50 4
296 53 2
296 56 3
296 64 4
296 77 2
296 87 4
296 96 3
296 97 3
296 98 3
296 99 3
296 109 3
296 132 4
296 133 3
296 135 4
296 136 3
296 141 3
296 142 2
296 143 3
296 147 3
296 150 3
296 154 3
296 156 3
296 158 2
296 164 3
296 172 4
296 173 4
296 181 4
296 183 4
296 186 3
296 204 4
296 222 3
296 227 2
296 228 3
296 229 2
296 246 4
296 268 3
296 288 3
296 318 3
296 356 3
296 378 3
296 380 4
296 393 4
296 417 2
296 418 3
296 420 3
296 421 3
296 433 3
296 469 4
296 480 4
296 484 4
296 485 3
296 509 3
296 526 3
296 528 4
296 532 3
296 554 2
296 561 2
296 607 3
296 625 2
296 633 3
296 727 2
296 743 2
296 746 3
296 774 2
296 825 2
296 921 3
297 1 3
297 2 2
297 3 2
297 11 3
297 12 3
297 13 3
297 19 3
297 24 2
297 25 2
297 28 3
297 31 3
297 38 2
297 39 2
297 54 2
297 56 3
297 66 3
297 67 2
297 70 3
297 71 3
297 72 2
297 77 2
297 79 3
297 80 2
297 87 3
297 89 3
297 94 2
297 95 3
297 96 3
297 97 3
297 98 3
297 99 3
297 100 3
297 101 2
297 105 2
297 108 3
297 109 3
297 114 4
297 118 2
297 122 2
297 127 3
297 139 2
297 145 3
297 152 2
297 153 3
297 155 2
297 161 3
297 163 3
297 164 3
297 167 2
297 168 3
297 173 3
297 174 4
297 175 3
297 181 3
297 183 3
297 185 3
297 186 3
297 187 3
297 188 3
297 189 3
297 194 3
297 195 3
297 197 3
297 202 3
297 204 3
297 208 3
297 217 2
297 222 3
297 225 2
297 227 2
297 228 3
297 229 2
297 230 3
297 233 2
297 234 3
297 240 2
297 242 3
297 248 3
297 250 2
297 252 2
297 257 3
297 258 3
297 260 2
297 268 3
297 273 3
297 274 3
297 288 2
297 291 2
297 325 2
297 358 2
297 363 2
297 364 3
297 373 2
297 381 3
297 382 3
297 384 2
297 385 3
297 386 2
297 393 3
297 395 2
297 399 2
297 403 2
297 405 2
297 407 2
297 408 3
297 412 2
297 418 3
297 423 3
297 431 2
297 432 3
297 451 3
297 452 2
297 455 2
297 465 2
297 472 2
297 475 2
297 501 3
297 508 3
297 510 3
297 526 2
297 540 2
297 545 2
297 549 3
297 550 3
297 552 3
297 559 2
297 562 2
297 566 3
297 568 3
297 570 3
297 575 2
297 577 2
297 578 2
297 588 3
297 590 2
297 597 2
297 603 3
297 625 2
297 627 2
297 645 2
297 651 3
297 652 3
297 655 3
297 657 3
297 679 2
297 692 3
297 716 3
297 721 2
297 722 2
297 724 3
297 731 2
297 741 3
297 748 2
297 758 2
297 765 2
297 771 2
297 780 2
297 781 3
297 783 2
297 790 2
297 792 3
297 797 2
297 802 2
297 808 2
297 809 2
297 810 2
297 840 2
297 849 2
297 864 2
297 940 2
297 943 3
297 1000 2
298 10 3
298 11 3
298 12 3
298 23 3
298 32 3
298 50 3
298 53 2
298 54 2
298 56 3
298 59 3
298 61 3
298 79 3
298 83 3
298 89 3
298 98 3
298 121 2
298 124 3
298 127 3
298 136 3
298 137 3
298 144 3
298 150 3
298 151 3
298 156 3
298 160 3
298 164 3
298 168 3
298 171 3
298 172 3
298 175 3
298 176 3
298 182 3
298 183 3
298 186 3
298 187 3
298 191 3
298 192 3
298 197 3
298 202 3
298 203 3
298 204 3
298 210 3
298 218 3
298 222 3
298 228 3
298 229 2
298 258 3
298 262 3
298 271 2
298 275 3
298 288 2
298 293 3
298 302 3
298 340 2
298 381 3
298 425 3
298 435 4
298 443 3
298 447 3
298 448 2
298 449 2
298 464 3
298 474 3
298 475 3
298 483 4
298 484 3
298 486 3
298 489 3
298 512 3
298 515 3
298 522 3
298 525 4
298 548 3
298 554 2
298 558 3
298 594 2
298 607 2
298 628 3
298 631 2
298 649 3
298 652 3
298 656 3
298 664 3
298 675 3
298 693 3
298 754 2
298 772 2
298 806 3
298 887 2
298 919 3
298 922 2
298 933 2
298 985 2
299 7 3
299 8 3
299 11 3
299 12 4
299 50 3
299 69 3
299 87 3
299 97 3
299 117 3
299 132 3
299 153 3
299 157 3
299 176 3
299 177 3
299 181 3
299 182 3
299 183 3
299 191 3
299 193 3
299 194 3
299 198 3
299 202 3
299 207 4
299 210 3
299 213 3
299 215 3
299 238 3
299 251 3
299 271 2
299 272 3
299 275 3
299 295 2
299 300 3
299 301 2
299 312 2
299 313 3
299 318 3
299 326 2
299 357 3
299 414 3
299 425 3
299 427 3
299 463 3
299 474 3
299 482 3
299 483 3
299 484 4
299 486 3
299 497 3
299 511 3
299 514 3
299 516 3
299 520 4
299 521 3
299 530 3
299 539 2
299 605 2
299 651 3
299 657 3
299 661 3
299 663 3
299 690 2
299 692 2
299 742 3
299 750 3
299 879 2
299 886 2
299 887 3
299 902 3
300 1 3
300 3 2
300 8 3
300 9 3
300 15 3
300 25 3
300 28 3
300 30 3
300 39 2
300 42 3
300 43 3
300 44 3
300 45 3
300 50 3
300 56 3
300 58 3
300 59 3
300 61 3
300 62 3
300 69 3
300 70 3
300 72 2
300 77 2
300 83 3
300 88 3
300 89 3
300 94 2
300 97 3
300 98 3
300 100 3
300 116 3
300 118 2
300 120 3
300 125 3
300 129 2
300 133 3
300 135 3
300 143 3
300 147 3
300 159 3
300 164 3
300 172 3
300 175 3
300 179 3
300 181 3
300 196 3
300 204 3
300 208 3
300 210 3
300 211 3
300 216 3
300 217 3
300 223 3
300 234 3
300 235 3
300 238 3
300 244 3
300 245 2
300 246 3
300 250 2
300 252 2
300 255 2
300 257 3
300 268 3
300 274 3
300 275 3
300 276 3
300 281 2
300 282 3
300 283 3
300 284 2
300 285 3
300 287 4
300 294 2
300 298 3
300 300 3
300 301 2
300 304 2
300 316 3
300 319 2
300 325 2
300 381 3
300 386 3
300 387 4
300 393 3
300 396 2
300 405 2
300 407 2
300 412 2
300 421 3
300 448 2
300 464 4
300 469 4
300 471 3
300 472 2
300 475 3
300 476 2
300 479 3
300 498 3
300 509 3
300 514 3
300 517 3
300 522 3
300 529 3
300 531 3
300 535 2
300 553 2
300 559 3
300 568 3
300 569 2
300 584 2
300 611 3
300 619 2
300 639 3
300 640 2
300 660 3
300 662 3
300 665 2
300 699 3
300 709 3
300 714 3
300 721 3
300 729 3
300 735 3
300 739 3
300 742 3
300 762 2
300 768 3
300 775 2
300 780 2
300 781 3
300 815 3
300 821 2
300 827 2
300 836 4
300 845 3
300 930 3
300 964 4
300 971 3
300 988 2
300 996 2
