301 191 2
301 204 2
301 269 2
301 283 2
301 423 2
301 484 2
301 515 2
301 604 2
302 243 2
302 269 2
302 286 2
302 313 2
302 315 2
302 326 2
302 328 2
302 333 2
302 678 2
303 258 3
303 268 3
303 269 3
303 294 2
303 300 3
303 303 3
303 305 3
303 325 2
303 333 3
303 340 3
303 682 2
303 995 2
304 64 4
304 143 3
304 194 3
304 245 3
304 286 3
304 418 3
304 480 3
304 492 3
304 604 3
304 606 3
304 705 3
305 137 2
305 272 2
305 327 2
305 650 3
305 651 2
305 750 2
305 886 2
306 121 2
306 126 3
306 127 3
306 151 3
306 252 2
306 289 2
306 405 2
306 924 2
307 111 3
307 118 2
307 181 3
307 220 2
307 252 2
307 258 3
307 298 3
307 301 2
307 471 3
307 476 1
307 546 2
307 845 3
307 926 1
308 245 2
308 288 2
308 300 3
308 873 1
308 879 2
309 268 3
309 270 2
309 292 2
309 300 2
309 302 2
309 310 2
309 313 3
309 332 2
309 346 2
309 682 1
309 690 2
309 880 2
310 21 1
310 94 2
310 181 3
310 240 2
310 300 2
310 596 2
310 597 2
311 64 3
311 111 2
311 151 3
311 251 3
311 257 3
311 272 3
311 750 3
311 751 2
312 1 3
312 9 3
312 100 3
312 129 2
312 268 3
312 276 3
312 286 3
312 300 3
312 742 3
313 243 2
313 286 3
313 288 2
313 310 2
313 313 2
313 315 3
313 323 2
313 333 3
313 748 2
314 258 3
314 272 3
314 288 2
314 319 2
314 362 2
314 882 2
314 891 1
315 243 2
315 259 2
315 288 2
315 294 2
315 321 2
315 339 2
315 342 2
315 359 1
315 410 2
315 597 2
315 687 2
315 875 3
315 988 2
316 14 3
316 237 2
316 245 2
316 272 2
316 313 3
316 321 2
316 676 2
317 272 2
317 315 2
317 316 2
317 319 2
317 345 3
318 98 3
318 173 3
318 245 2
318 269 3
318 286 3
318 288 2
318 294 2
318 301 2
318 313 3
318 315 3
318 347 2
318 752 2
319 271 2
319 288 2
319 289 2
319 301 2
319 304 2
319 308 2
319 310 2
319 331 2
319 338 2
319 877 2
319 938 1
319 989 1
320 269 3
320 271 2
320 288 2
320 294 2
320 300 3
320 305 2
320 325 2
320 327 2
320 333 3
320 343 2
320 890 2
321 100 3
321 150 3
321 151 3
321 168 3
321 191 3
321 194 3
321 198 3
321 205 3
321 222 3
321 276 3
321 288 2
321 313 3
321 682 1
321 902 2
322 1 2
322 24 2
322 147 2
322 254 2
322 405 2
322 410 2
322 471 2
322 473 2
322 742 2
323 100 3
323 264 2
323 328 2
323 456 2
323 687 1
323 876 2
323 881 2
323 948 1
324 245 1
324 270 2
324 289 1
324 294 1
324 309 1
324 322 1
324 328 1
324 879 2
325 237 2
325 271 2
325 278 2
325 288 2
325 298 2
325 300 2
325 313 2
325 328 2
325 343 2
325 682 2
325 742 2
325 763 2
326 13 2
326 25 3
326 100 3
326 111 3
326 116 3
326 150 3
326 235 2
326 283 3
326 306 3
326 476 2
326 756 2
327 258 3
327 300 3
327 303 3
327 319 2
327 333 2
327 334 2
328 14 3
328 50 3
328 222 3
328 258 3
328 748 3
328 832 3
328 845 3
329 245 2
329 264 2
329 268 3
329 322 2
329 323 2
329 328 2
329 354 2
329 678 2
329 748 2
329 879 2
330 259 1
330 267 3
330 268 3
330 301 2
330 306 2
330 333 3
330 338 2
330 346 2
330 682 1
330 751 2
330 879 2
331 1 3
331 5 3
331 7 3
331 8 3
331 9 3
331 11 3
331 12 3
331 22 3
331 31 3
331 38 2
331 53 2
331 54 2
331 56 3
331 70 3
331 73 3
331 77 3
331 79 3
331 82 3
331 95 3
331 96 3
331 97 3
331 98 3
331 105 1
331 106 2
331 117 3
331 118 3
331 120 1
331 121 3
331 122 2
331 123 3
331 125 3
331 127 3
331 144 3
331 156 3
331 159 3
331 172 3
331 174 4
331 181 3
331 182 3
331 204 3
331 210 3
331 218 3
331 222 3
331 227 3
331 228 3
331 229 2
331 230 2
331 232 2
331 233 3
331 234 3
331 235 2
331 237 3
331 240 3
331 249 2
331 255 3
331 257 3
331 258 3
331 264 2
331 265 3
331 271 2
331 273 3
331 282 3
331 288 3
331 291 3
331 293 3
331 294 2
331 295 3
331 298 3
331 300 3
331 307 3
331 313 3
331 322 3
331 323 2
331 326 2
331 327 3
331 328 3
331 332 2
331 333 3
331 342 2
331 356 2
331 369 2
331 370 2
331 405 2
331 406 2
331 409 2
331 410 2
331 449 2
331 450 2
331 451 3
331 452 3
331 456 1
331 470 2
331 546 2
331 566 3
331 595 2
331 597 2
331 628 3
331 651 3
331 655 3
331 660 3
331 673 3
331 679 2
331 684 3
331 693 3
331 696 3
331 728 2
331 746 3
331 756 2
331 763 2
331 770 3
331 815 2
331 824 2
331 827 2
331 831 2
331 833 3
331 840 2
331 841 2
331 845 3
331 866 2
331 871 2
331 879 3
331 895 3
331 928 3
331 931 2
331 934 3
331 975 2
331 978 2
331 982 2
331 983 2
332 88 3
332 153 3
332 168 3
332 180 3
332 186 3
332 269 3
332 294 2
332 315 3
332 316 3
332 435 3
332 513 3
332 748 2
332 873 1
333 4 3
333 7 3
333 8 3
333 9 3
333 12 3
333 13 3
333 19 2
333 20 2
333 22 3
333 23 3
333 28 3
333 42 3
333 50 3
333 52 3
333 56 3
333 58 3
333 59 3
333 61 3
333 68 2
333 69 3
333 70 3
333 72 2
333 73 2
333 74 1
333 77 2
333 79 3
333 81 3
333 86 3
333 89 3
333 91 2
333 93 3
333 95 3
333 98 3
333 100 3
333 111 3
333 115 3
333 116 2
333 117 3
333 124 3
333 125 3
333 127 3
333 131 3
333 132 3
333 134 3
333 135 3
333 143 3
333 150 3
333 153 3
333 154 3
333 155 2
333 160 3
333 163 3
333 164 2
333 168 3
333 169 3
333 170 3
333 171 3
333 172 3
333 173 3
333 174 4
333 175 3
333 176 3
333 181 3
333 182 3
333 183 3
333 185 3
333 186 3
333 191 3
333 196 3
333 197 3
333 200 3
333 203 3
333 204 3
333 207 3
333 210 3
333 213 3
333 216 3
333 217 2
333 220 3
333 221 2
333 222 3
333 223 3
333 224 2
333 225 2
333 227 2
333 228 3
333 229 2
333 230 2
333 231 2
333 235 2
333 237 3
333 238 3
333 239 3
333 244 2
333 245 2
333 248 2
333 250 2
333 255 2
333 257 3
333 258 3
333 265 3
333 268 3
333 269 3
333 271 2
333 272 3
333 275 3
333 276 3
333 277 2
333 282 3
333 283 3
333 285 3
333 286 3
333 287 3
333 288 2
333 289 2
333 293 3
333 297 2
333 300 3
333 301 2
333 303 2
333 305 3
333 306 3
333 310 3
333 311 2
333 312 2
333 313 3
333 315 3
333 316 3
333 317 3
333 318 3
333 319 2
333 322 2
333 324 2
333 326 2
333 328 2
333 333 2
333 337 2
333 338 2
333 340 3
333 345 2
333 346 3
333 347 2
333 371 2
333 396 2
333 405 2
333 408 3
333 421 3
333 423 3
333 425 3
333 428 3
333 429 3
333 430 3
333 433 3
333 436 3
333 443 3
333 449 3
333 450 1
333 461 3
333 462 3
333 474 3
333 475 3
333 476 2
333 481 3
333 483 4
333 484 3
333 485 3
333 488 3
333 494 3
333 498 3
333 500 3
333 502 3
333 505 3
333 506 3
333 508 2
333 510 3
333 512 3
333 514 3
333 515 3
333 521 3
333 525 3
333 529 3
333 537 3
333 553 2
333 558 2
333 566 2
333 577 2
333 582 3
333 591 3
333 603 3
333 606 3
333 607 3
333 620 3
333 628 3
333 629 3
333 631 2
333 634 3
333 635 2
333 640 2
333 642 3
333 652 3
333 655 3
333 657 3
333 658 3
333 663 3
333 675 2
333 678 2
333 684 3
333 689 2
333 693 3
333 707 2
333 708 3
333 709 3
333 710 2
333 712 2
333 716 3
333 736 3
333 740 2
333 742 3
333 744 3
333 746 3
333 753 3
333 762 2
333 792 3
333 815 2
333 840 1
333 845 3
333 846 2
333 855 3
333 856 3
333 865 4
333 870 2
333 877 2
333 879 2
333 886 2
333 887 3
333 888 2
333 896 2
333 899 3
333 902 2
333 905 2
333 906 3
333 922 3
333 931 1
333 936 4
333 937 3
333 945 2
333 950 1
333 955 3
333 961 3
333 969 2
334 245 2
334 258 3
334 269 2
334 288 2
334 307 2
334 313 3
334 324 2
334 342 2
334 347 3
334 748 2
334 902 2
335 3 1
335 4 2
335 13 2
335 15 2
335 26 2
335 33 2
335 41 2
335 42 2
335 49 2
335 56 2
335 66 2
335 67 2
335 88 2
335 94 2
335 100 2
335 105 1
335 111 2
335 117 2
335 121 2
335 122 1
335 124 2
335 125 3
335 151 2
335 153 2
335 154 2
335 158 2
335 168 2
335 186 2
335 202 2
335 208 2
335 216 2
335 232 2
335 237 2
335 239 2
335 275 2
335 276 2
335 282 2
335 284 2
335 290 2
335 367 2
335 383 1
335 388 1
335 395 2
335 401 2
335 405 2
335 410 2
335 451 2
335 475 2
335 546 2
335 571 2
335 577 2
335 619 2
335 628 2
335 655 2
335 692 2
335 710 2
335 722 2
335 732 2
335 738 2
335 742 2
335 762 2
335 763 2
335 765 2
335 780 2
335 781 2
335 785 2
335 790 2
335 796 2
335 824 1
335 859 1
335 864 2
335 959 2
335 998 2
335 999 3
336 15 3
336 50 3
336 106 2
336 121 3
336 127 3
336 181 3
336 228 3
336 230 3
336 235 2
336 257 3
336 371 2
336 380 3
336 392 2
336 515 3
336 520 3
336 631 2
336 742 3
336 831 1
337 1 3
337 56 3
337 79 3
337 83 3
337 132 3
337 133 3
337 134 3
337 135 3
337 168 3
337 170 3
337 174 3
337 175 3
337 180 3
337 189 3
337 194 3
337 204 3
337 208 3
337 211 3
337 212 2
337 213 3
337 215 3
337 216 3
337 269 3
337 294 2
337 301 2
337 306 3
337 310 3
337 435 3
337 443 3
337 462 3
337 474 3
337 480 3
337 483 3
337 484 3
337 486 3
337 488 3
337 490 3
337 494 3
337 498 3
337 511 3
337 513 3
337 514 3
337 516 3
337 523 3
337 525 3
337 582 3
337 604 3
337 607 3
337 613 3
337 650 3
337 654 3
337 708 3
337 792 3
337 945 2
338 1 3
338 4 3
338 5 3
338 7 3
338 11 3
338 12 3
338 22 3
338 23 3
338 25 2
338 28 3
338 29 2
338 30 3
338 32 3
338 42 3
338 47 3
338 50 3
338 55 3
338 56 3
338 58 3
338 64 3
338 65 3
338 67 2
338 69 3
338 73 3
338 74 0
338 76 3
338 79 3
338 80 2
338 81 3
338 82 3
338 86 3
338 88 3
338 89 3
338 91 3
338 97 3
338 98 3
338 100 3
338 101 3
338 117 3
338 121 3
338 124 3
338 126 3
338 127 3
338 130 2
338 131 3
338 132 3
338 133 3
338 134 3
338 135 3
338 136 3
338 139 3
338 144 3
338 145 2
338 150 3
338 151 3
338 153 3
338 154 3
338 156 3
338 157 3
338 159 3
338 160 3
338 161 3
338 163 3
338 167 2
338 168 3
338 170 3
338 174 3
338 175 3
338 179 3
338 180 3
338 181 3
338 183 3
338 186 3
338 188 3
338 190 3
338 191 3
338 192 3
338 194 3
338 195 3
338 196 3
338 197 3
338 198 3
338 199 3
338 203 3
338 204 3
338 205 3
338 208 3
338 209 3
338 214 3
338 222 3
338 226 2
338 227 2
338 228 3
338 231 2
338 233 3
338 235 3
338 238 3
338 240 3
338 248 3
338 257 3
338 258 3
338 265 3
338 269 3
338 270 3
338 276 3
338 286 3
338 288 3
338 298 2
338 302 3
338 317 3
338 327 2
338 347 3
338 357 3
338 380 3
338 383 2
338 402 3
338 403 3
338 404 3
338 410 2
338 411 2
338 415 2
338 427 3
338 428 3
338 431 3
338 433 3
338 435 3
338 436 3
338 447 3
338 449 2
338 451 3
338 461 3
338 469 3
338 474 3
338 475 3
338 478 3
338 479 3
338 483 3
338 484 3
338 485 3
338 496 3
338 498 3
338 503 3
338 508 3
338 509 3
338 514 3
338 515 3
338 516 3
338 521 3
338 522 3
338 523 3
338 525 3
338 527 3
338 528 3
338 530 3
338 546 2
338 549 3
338 550 3
338 566 3
338 568 3
338 573 3
338 582 3
338 603 3
338 607 2
338 614 3
338 631 3
338 632 3
338 636 3
338 637 2
338 640 3
338 642 3
338 649 3
338 650 3
338 655 3
338 657 3
338 661 3
338 663 3
338 673 3
338 675 3
338 678 2
338 693 3
338 702 2
338 709 3
338 719 2
338 735 3
338 737 3
338 739 3
338 770 2
338 772 3
338 806 3
338 823 2
338 845 3
338 856 3
338 939 3
338 942 3
338 961 3
339 1 3
339 15 3
339 50 3
339 66 3
339 71 3
339 143 3
339 172 3
339 174 3
339 179 3
339 181 3
339 205 3
339 215 3
339 265 3
339 274 2
339 402 3
339 405 2
339 423 3
339 435 3
339 486 3
339 502 3
339 504 3
339 520 3
339 526 2
339 584 2
339 662 3
339 946 2
340 3 2
340 4 2
340 7 2
340 8 2
340 11 2
340 13 2
340 15 2
340 23 3
340 25 2
340 26 2
340 28 2
340 47 2
340 56 2
340 58 2
340 68 2
340 92 2
340 93 3
340 95 2
340 98 2
340 100 2
340 108 2
340 111 2
340 122 1
340 123 2
340 124 2
340 129 2
340 131 2
340 132 2
340 133 2
340 134 2
340 135 2
340 143 2
340 144 2
340 156 2
340 160 2
340 174 2
340 175 2
340 179 2
340 188 2
340 189 2
340 191 2
340 192 2
340 193 2
340 194 2
340 196 2
340 197 2
340 204 2
340 208 2
340 209 2
340 212 2
340 216 2
340 223 3
340 237 2
340 238 2
340 240 2
340 248 3
340 251 2
340 255 2
340 257 2
340 262 2
340 274 2
340 276 2
340 282 2
340 286 2
340 287 2
340 288 2
340 289 2
340 294 2
340 297 2
340 298 2
340 301 2
340 319 2
340 320 2
340 326 2
340 327 2
340 367 2
340 378 2
340 381 2
340 382 3
340 408 3
340 412 2
340 421 2
340 423 2
340 427 2
340 433 2
340 461 2
340 483 3
340 487 2
340 496 2
340 499 2
340 508 2
340 517 2
340 518 2
340 523 2
340 531 2
340 535 1
340 544 2
340 547 2
340 558 2
340 574 2
340 581 2
340 584 2
340 591 2
340 606 2
340 607 2
340 654 2
340 655 2
340 656 2
340 657 2
340 663 2
340 692 2
340 699 2
340 723 2
340 724 2
340 727 2
340 732 2
340 746 2
340 756 2
340 762 2
340 764 2
340 772 2
340 789 3
340 792 2
340 813 3
340 818 1
340 844 1
340 846 2
340 866 1
340 873 1
340 875 1
340 928 2
340 950 1
340 965 2
340 975 2
341 1 3
341 4 3
341 7 3
341 8 3
341 9 3
341 10 3
341 11 3
341 12 3
341 20 2
341 23 3
341 25 2
341 26 3
341 28 3
341 38 2
341 42 3
341 44 3
341 47 3
341 48 3
341 50 3
341 52 3
341 53 3
341 55 3
341 56 3
341 57 3
341 58 3
341 62 2
341 63 2
341 65 3
341 66 3
341 67 2
341 68 2
341 69 3
341 76 3
341 77 2
341 79 3
341 81 3
341 82 3
341 83 3
341 86 3
341 87 3
341 90 2
341 97 3
341 98 3
341 100 3
341 117 3
341 118 2
341 121 3
341 124 3
341 127 3
341 132 3
341 134 3
341 135 3
341 137 3
341 143 3
341 144 3
341 147 2
341 152 2
341 153 3
341 155 2
341 156 3
341 159 2
341 163 2
341 164 3
341 168 3
341 169 3
341 174 3
341 176 3
341 177 3
341 179 3
341 180 3
341 186 3
341 187 3
341 188 3
341 189 3
341 193 3
341 194 3
341 196 3
341 197 3
341 199 3
341 200 3
341 208 3
341 211 3
341 214 2
341 223 3
341 228 3
341 229 2
341 231 3
341 234 3
341 235 2
341 236 2
341 237 3
341 241 2
341 250 3
341 257 3
341 265 3
341 269 3
341 275 3
341 276 3
341 277 2
341 283 3
341 288 3
341 297 3
341 302 3
341 303 2
341 306 2
341 318 3
341 324 2
341 333 2
341 334 2
341 357 3
341 358 2
341 371 2
341 375 1
341 382 3
341 385 3
341 405 2
341 408 3
341 410 2
341 423 3
341 427 3
341 429 3
341 435 3
341 449 2
341 461 3
341 462 3
341 463 3
341 471 3
341 473 2
341 474 3
341 475 3
341 476 2
341 483 3
341 498 3
341 499 3
341 508 2
341 510 3
341 515 3
341 521 3
341 523 3
341 527 3
341 528 3
341 530 3
341 536 3
341 546 2
341 555 3
341 559 2
341 561 2
341 568 3
341 569 2
341 581 3
341 582 3
341 606 3
341 614 3
341 631 2
341 642 3
341 654 3
341 655 3
341 657 3
341 660 3
341 684 3
341 702 2
341 703 3
341 708 3
341 712 2
341 724 3
341 727 3
341 729 3
341 739 3
341 744 3
341 747 3
341 778 3
341 786 2
341 792 3
341 823 2
341 919 3
341 921 3
341 930 2
341 931 1
341 943 2
341 950 1
341 951 2
341 961 3
341 980 2
342 1 2
342 4 3
342 5 2
342 8 3
342 9 3
342 11 3
342 12 3
342 13 2
342 14 3
342 22 2
342 25 2
342 26 2
342 39 2
342 45 2
342 58 2
342 70 3
342 71 3
342 73 2
342 79 3
342 86 2
342 87 2
342 88 2
342 89 3
342 95 2
342 96 2
342 97 2
342 98 3
342 111 2
342 118 2
342 119 4
342 121 2
342 122 1
342 124 3
342 125 2
342 127 3
342 129 2
342 132 3
342 137 2
342 151 3
342 169 3
342 172 3
342 174 3
342 176 3
342 181 3
342 183 3
342 190 3
342 191 3
342 195 3
342 196 3
342 198 3
342 202 2
342 203 3
342 204 2
342 208 3
342 210 2
342 216 2
342 222 3
342 228 3
342 235 2
342 237 2
342 244 2
342 245 2
342 246 3
342 248 2
342 251 3
342 255 2
342 268 3
342 269 3
342 272 3
342 273 3
342 275 2
342 276 3
342 278 2
342 280 2
342 281 2
342 283 3
342 284 2
342 285 3
342 286 3
342 288 2
342 291 2
342 295 3
342 297 2
342 298 2
342 301 2
342 303 3
342 304 2
342 311 2
342 313 3
342 315 2
342 316 3
342 322 2
342 357 3
342 367 2
342 385 2
342 405 2
342 421 2
342 433 3
342 451 3
342 459 2
342 462 3
342 471 2
342 472 2
342 476 2
342 477 2
342 478 2
342 479 3
342 486 2
342 487 2
342 494 2
342 508 2
342 509 2
342 511 3
342 516 2
342 535 2
342 537 2
342 559 2
342 562 2
342 568 2
342 597 2
342 619 2
342 647 3
342 660 3
342 663 3
342 678 2
342 684 3
342 694 2
342 696 2
342 707 2
342 708 2
342 709 3
342 713 3
342 716 2
342 742 2
342 751 2
342 764 2
342 815 2
342 844 2
342 845 2
342 864 2
342 926 1
342 928 2
342 955 3
342 972 2
343 1 3
343 4 2
343 5 2
343 9 3
343 11 3
343 15 3
343 25 3
343 26 3
343 28 3
343 33 3
343 43 3
343 44 3
343 48 3
343 49 2
343 50 3
343 51 2
343 56 3
343 64 3
343 65 3
343 66 3
343 69 3
343 71 3
343 77 2
343 79 3
343 81 2
343 87 3
343 88 3
343 93 3
343 98 3
343 100 3
343 111 3
343 117 3
343 118 2
343 124 3
343 125 2
343 126 3
343 131 2
343 132 3
343 137 3
343 143 3
343 148 2
343 151 2
343 170 3
343 172 3
343 173 3
343 174 3
343 191 3
343 196 3
343 197 3
343 202 3
343 204 3
343 216 3
343 220 2
343 221 2
343 223 3
343 226 3
343 235 2
343 237 3
343 239 3
343 241 2
343 245 2
343 246 3
343 251 3
343 255 2
343 262 2
343 268 3
343 269 3
343 272 3
343 278 2
343 280 2
343 282 2
343 283 3
343 284 2
343 285 3
343 287 2
343 288 2
343 289 2
343 291 2
343 293 3
343 294 2
343 295 3
343 297 2
343 298 3
343 300 3
343 301 2
343 302 3
343 303 2
343 305 2
343 311 2
343 312 2
343 313 3
343 315 3
343 317 3
343 323 2
343 332 2
343 333 2
343 356 2
343 365 2
343 367 2
343 378 2
343 381 3
343 382 3
343 387 3
343 402 3
343 403 2
343 405 2
343 416 2
343 433 3
343 443 3
343 451 3
343 461 2
343 464 4
343 471 3
343 473 2
343 476 2
343 479 3
343 481 2
343 485 2
343 498 2
343 508 2
343 518 2
343 534 3
343 535 3
343 550 3
343 559 2
343 566 3
343 568 3
343 582 3
343 588 3
343 620 2
343 639 2
343 651 3
343 655 3
343 660 3
343 676 3
343 696 2
343 702 2
343 708 3
343 709 3
343 715 2
343 716 3
343 722 2
343 732 3
343 736 3
343 737 3
343 738 2
343 739 3
343 742 3
343 744 3
343 747 3
343 748 2
343 772 2
343 781 3
343 845 3
343 846 2
343 866 2
343 879 2
343 886 3
343 903 1
343 919 3
343 949 3
343 955 2
343 956 2
343 972 3
343 988 1
344 2 2
344 3 2
344 4 2
344 7 2
344 11 2
344 12 3
344 17 2
344 22 3
344 29 2
344 31 3
344 33 2
344 38 2
344 53 2
344 54 2
344 55 3
344 56 2
344 62 2
344 64 3
344 67 2
344 72 2
344 76 3
344 77 2
344 83 3
344 91 2
344 92 3
344 94 2
344 97 2
344 98 3
344 100 3
344 117 3
344 120 1
344 121 2
344 127 3
344 128 2
344 132 3
344 133 3
344 134 3
344 141 3
344 143 2
344 144 3
344 147 2
344 153 3
344 156 3
344 157 2
344 158 2
344 161 2
344 167 2
344 168 3
344 172 3
344 173 3
344 174 3
344 176 3
344 181 3
344 183 3
344 184 2
344 186 2
344 187 3
344 188 2
344 203 3
344 204 3
344 210 3
344 211 3
344 213 3
344 215 3
344 216 3
344 218 2
344 219 2
344 232 2
344 234 3
344 237 2
344 241 2
344 245 2
344 250 2
344 259 1
344 265 3
344 273 2
344 276 2
344 288 2
344 291 2
344 293 2
344 294 2
344 300 3
344 302 3
344 318 3
344 322 2
344 325 2
344 333 2
344 358 2
344 363 2
344 366 3
344 369 1
344 375 2
344 385 3
344 391 2
344 392 2
344 403 3
344 405 2
344 415 1
344 423 3
344 431 2
344 455 2
344 470 2
344 496 3
344 518 3
344 520 3
344 541 1
344 546 2
344 549 2
344 561 1
344 569 2
344 571 1
344 572 1
344 576 2
344 578 2
344 582 3
344 616 2
344 636 2
344 642 2
344 657 2
344 669 1
344 673 3
344 684 2
344 685 2
344 708 3
344 712 2
344 727 2
344 732 3
344 739 2
344 743 1
344 746 2
344 748 2
344 780 1
344 785 2
344 802 2
344 809 2
344 831 1
344 842 2
344 879 2
344 932 1
344 944 2
344 951 2
344 959 3
344 977 1
345 1 3
345 7 3
345 12 3
345 15 3
345 17 2
345 22 3
345 24 2
345 25 3
345 28 3
345 31 3
345 50 3
345 55 3
345 56 3
345 68 2
345 70 3
345 73 2
345 76 2
345 77 2
345 79 3
345 82 3
345 85 3
345 87 3
345 91 2
345 96 3
345 97 3
345 99 2
345 100 3
345 117 3
345 118 2
345 125 3
345 127 3
345 132 3
345 137 3
345 144 3
345 151 3
345 156 3
345 157 2
345 158 2
345 159 3
345 163 3
345 164 3
345 168 3
345 172 3
345 173 3
345 174 3
345 176 3
345 177 3
345 181 3
345 182 3
345 183 3
345 187 3
345 188 2
345 192 3
345 195 3
345 200 3
345 203 3
345 204 3
345 208 3
345 215 3
345 222 3
345 226 3
345 227 2
345 233 3
345 235 1
345 239 3
345 240 2
345 245 2
345 246 3
345 252 2
345 257 3
345 258 3
345 268 3
345 271 2
345 273 3
345 276 3
345 280 2
345 286 2
345 288 2
345 290 2
345 293 2
345 294 2
345 298 2
345 300 3
345 317 3
345 318 3
345 323 2
345 324 2
345 328 2
345 333 3
345 356 3
345 369 1
345 371 2
345 385 3
345 386 2
345 392 3
345 403 3
345 404 3
345 405 2
345 410 2
345 416 2
345 423 3
345 432 3
345 435 3
345 460 1
345 462 3
345 465 2
345 468 2
345 470 2
345 472 2
345 475 2
345 501 2
345 508 3
345 544 2
345 550 3
345 568 3
345 588 3
345 595 2
345 597 2
345 609 2
345 655 3
345 660 3
345 685 3
345 686 3
345 689 2
345 692 2
345 699 3
345 721 2
345 735 2
345 742 3
345 756 2
345 763 2
345 806 3
345 819 2
345 820 2
345 827 2
345 829 2
345 831 1
345 841 1
345 871 2
345 879 2
345 928 2
345 930 2
345 943 2
345 959 2
345 977 2
345 982 0
346 1 3
346 7 3
346 15 3
346 25 3
346 100 3
346 107 3
346 111 2
346 118 2
346 121 3
346 126 3
346 147 2
346 225 2
346 240 2
346 276 3
346 288 2
346 294 2
346 323 2
346 368 1
346 370 2
346 409 2
346 411 2
346 412 2
346 472 2
346 473 2
346 476 2
346 546 2
346 628 3
346 742 3
346 819 2
346 831 1
346 834 1
346 924 2
346 926 1
346 928 2
346 974 2
346 975 2
346 988 1
347 9 3
347 10 3
347 118 2
347 121 3
347 125 3
347 126 3
347 237 3
347 325 2
347 370 1
347 412 1
347 455 2
347 458 2
347 471 3
347 475 3
347 596 2
347 744 3
347 847 3
348 1 3
348 23 3
348 89 3
348 98 3
348 132 3
348 133 3
348 136 3
348 168 3
348 172 3
348 176 3
348 183 3
348 193 3
348 195 3
348 204 3
348 210 3
348 214 2
348 228 3
348 265 3
348 271 2
348 324 2
348 340 3
348 435 3
348 479 3
348 480 3
348 483 3
348 489 3
348 530 3
348 589 3
348 604 3
348 616 2
348 654 3
348 657 3
349 288 2
349 289 2
349 292 3
349 300 3
349 301 2
349 310 3
349 312 2
349 313 3
349 326 2
349 327 2
349 332 2
349 341 1
349 343 2
349 359 2
349 538 2
349 748 2
349 750 3
349 754 2
349 873 0
349 879 2
349 880 2
349 882 1
349 888 2
349 984 2
349 989 2
349 990 2
350 4 3
350 7 3
350 12 3
350 17 2
350 39 2
350 55 3
350 56 3
350 79 3
350 86 3
350 89 3
350 92 3
350 96 3
350 98 3
350 129 2
350 144 3
350 156 3
350 173 3
350 182 3
350 194 3
350 195 3
350 216 3
350 228 3
350 234 3
350 302 3
350 385 3
350 568 3
350 657 3
350 692 3
351 245 2
351 260 1
351 271 2
351 272 3
351 300 3
351 315 3
351 326 2
351 327 2
351 328 2
351 332 2
351 333 3
351 343 2
351 905 2
352 7 3
352 9 3
352 14 3
352 19 3
352 20 2
352 25 2
352 32 3
352 42 3
352 47 2
352 50 3
352 52 3
352 57 2
352 58 3
352 59 3
352 60 2
352 61 2
352 66 3
352 70 2
352 79 3
352 81 3
352 83 2
352 86 2
352 87 2
352 88 3
352 93 3
352 100 3
352 109 3
352 116 3
352 124 3
352 131 3
352 133 2
352 134 3
352 135 3
352 136 2
352 137 2
352 143 2
352 149 2
352 151 3
352 152 2
352 153 3
352 154 3
352 155 2
352 162 3
352 166 2
352 168 3
352 169 3
352 171 3
352 173 3
352 174 3
352 175 3
352 180 3
352 186 3
352 189 3
352 190 2
352 191 3
352 193 3
352 197 3
352 199 3
352 202 2
352 208 3
352 209 3
352 211 3
352 213 3
352 216 3
352 238 3
352 242 3
352 246 3
352 248 2
352 251 3
352 255 2
352 257 3
352 258 3
352 268 3
352 269 3
352 270 3
352 272 3
352 275 2
352 276 2
352 281 2
352 286 3
352 287 2
352 297 2
352 303 2
352 305 3
352 306 3
352 308 2
352 311 2
352 313 3
352 318 2
352 344 3
352 381 2
352 382 3
352 387 2
352 414 2
352 421 3
352 423 3
352 428 3
352 429 2
352 435 3
352 462 3
352 463 3
352 464 3
352 473 2
352 478 2
352 479 3
352 480 3
352 483 3
352 485 2
352 487 3
352 489 2
352 494 2
352 496 3
352 497 3
352 498 3
352 507 3
352 508 2
352 509 3
352 511 3
352 513 2
352 515 3
352 516 2
352 518 3
352 520 2
352 529 3
352 531 2
352 533 3
352 558 2
352 582 3
352 584 2
352 603 3
352 604 3
352 605 2
352 606 2
352 607 2
352 629 3
352 631 2
352 638 3
352 650 3
352 651 3
352 652 3
352 657 3
352 659 3
352 660 3
352 661 3
352 692 3
352 694 3
352 699 3
352 702 2
352 705 2
352 707 3
352 709 3
352 716 3
352 732 3
352 733 3
352 735 2
352 736 2
352 737 2
352 740 2
352 753 3
352 792 3
352 811 2
352 847 3
352 855 2
352 863 3
352 865 4
352 882 1
352 889 2
352 900 3
352 904 3
352 929 2
352 953 2
352 956 2
352 958 2
352 962 1
353 242 3
353 264 2
353 288 2
353 300 3
353 328 2
353 329 3
353 360 3
353 681 2
353 882 2
354 272 2
354 292 2
354 313 2
354 316 2
354 326 2
354 328 2
354 333 2
354 689 2
354 748 2
355 1 3
355 7 3
355 10 3
355 24 2
355 105 2
355 117 3
355 118 2
355 123 2
355 125 3
355 126 3
355 147 3
355 150 3
355 151 3
355 220 2
355 222 3
355 245 2
355 258 3
355 270 3
355 273 3
355 274 3
355 275 3
355 280 2
355 284 2
355 291 2
355 322 2
355 326 2
355 334 2
355 405 2
355 407 2
355 411 2
355 455 2
355 456 1
355 471 3
355 472 2
355 473 2
355 476 2
355 546 2
355 595 2
355 687 2
355 713 3
355 742 3
355 744 3
355 760 2
355 819 2
355 820 2
355 831 1
355 833 2
355 866 2
355 932 1
355 977 2
355 984 3
356 8 2
356 65 3
356 127 3
356 132 2
356 174 3
356 179 3
356 213 2
356 268 2
356 318 3
356 324 2
356 357 2
356 511 3
356 582 2
356 584 2
356 638 3
356 639 2
356 643 2
356 855 2
356 896 3
357 7 3
357 117 3
357 118 2
357 181 3
357 250 2
357 268 3
357 270 3
357 298 2
357 313 3
357 323 2
357 405 2
357 472 2
357 748 2
357 751 3
357 831 1
358 1 3
358 10 3
358 13 3
358 14 3
358 25 3
358 28 3
358 45 3
358 50 3
358 64 4
358 79 3
358 100 3
358 116 3
358 124 3
358 127 3
358 134 3
358 157 3
358 165 3
358 166 3
358 170 3
358 174 3
358 181 3
358 187 3
358 191 3
358 194 3
358 195 3
358 197 3
358 205 3
358 207 3
358 210 3
358 222 3
358 237 3
358 238 3
358 242 3
358 251 2
358 269 3
358 271 2
358 275 3
358 283 3
358 284 2
358 286 3
358 297 2
358 302 3
358 304 2
358 306 3
358 308 2
358 309 2
358 321 2
358 326 2
358 328 2
358 357 3
358 423 3
358 479 3
358 483 3
358 496 3
358 511 3
358 521 3
358 523 3
358 531 3
358 582 3
358 588 3
358 654 3
358 661 3
358 735 3
358 744 3
358 748 2
358 845 3
358 933 1
358 936 4
358 963 3
359 12 3
359 14 3
359 23 3
359 26 3
359 49 3
359 53 2
359 55 3
359 56 3
359 59 3
359 60 3
359 66 3
359 70 3
359 79 3
359 83 3
359 88 3
359 90 2
359 97 3
359 98 3
359 100 3
359 111 3
359 129 2
359 148 2
359 150 3
359 156 3
359 165 3
359 166 3
359 168 3
359 170 3
359 173 3
359 176 3
359 178 3
359 183 3
359 185 3
359 186 3
359 190 3
359 197 3
359 203 3
359 204 3
359 207 3
359 212 2
359 213 3
359 218 3
359 222 3
359 228 3
359 234 3
359 237 3
359 238 3
359 258 3
359 269 3
359 273 3
359 274 3
359 276 3
359 286 3
359 333 2
359 340 2
359 387 2
359 421 3
359 430 3
359 435 3
359 451 3
359 466 2
359 475 3
359 498 3
359 502 3
359 504 3
359 514 3
359 517 3
359 524 3
359 525 3
359 531 3
359 639 3
359 652 3
359 654 3
359 655 3
359 657 3
359 659 3
359 673 3
359 684 3
359 694 3
359 707 2
359 709 3
359 727 2
359 737 2
359 739 3
359 742 3
359 762 2
359 770 2
359 794 2
359 934 2
359 949 2
360 245 2
360 268 3
360 302 3
360 312 2
360 313 3
360 323 2
360 333 2
360 336 2
360 689 2
361 1 2
361 2 2
361 4 3
361 5 2
361 7 2
361 9 2
361 11 2
361 22 2
361 29 2
361 32 2
361 37 1
361 38 2
361 44 2
361 47 2
361 50 2
361 54 2
361 55 2
361 56 2
361 58 2
361 62 2
361 65 2
361 66 2
361 67 1
361 68 2
361 69 2
361 70 2
361 71 2
361 72 2
361 73 2
361 79 2
361 81 3
361 82 2
361 87 2
361 88 2
361 89 2
361 90 2
361 91 2
361 93 2
361 95 2
361 96 2
361 97 2
361 98 2
361 101 2
361 102 2
361 114 3
361 117 2
361 120 1
361 121 2
361 128 2
361 134 2
361 137 2
361 143 2
361 144 2
361 145 1
361 151 2
361 152 2
361 154 2
361 155 2
361 156 2
361 159 2
361 161 2
361 164 2
361 169 3
361 172 2
361 173 2
361 174 2
361 179 2
361 182 2
361 183 2
361 184 2
361 185 2
361 186 2
361 187 3
361 188 2
361 189 3
361 193 2
361 195 2
361 196 2
361 200 2
361 201 2
361 204 2
361 206 2
361 208 3
361 210 2
361 212 2
361 215 2
361 216 2
361 218 2
361 222 2
361 226 2
361 227 2
361 228 2
361 229 2
361 231 2
361 234 2
361 235 1
361 237 2
361 248 2
361 250 2
361 258 2
361 265 2
361 270 2
361 271 2
361 282 2
361 283 2
361 284 2
361 288 2
361 290 2
361 293 2
361 307 2
361 315 2
361 316 2
361 317 3
361 322 2
361 325 2
361 328 2
361 336 2
361 346 2
361 347 2
361 350 2
361 351 2
361 366 2
361 370 1
361 380 2
361 387 2
361 391 2
361 393 2
361 402 2
361 403 2
361 405 2
361 408 2
361 417 2
361 423 2
361 426 2
361 428 3
361 431 2
361 433 2
361 435 2
361 443 2
361 444 2
361 448 1
361 449 2
361 451 2
361 461 2
361 469 2
361 472 2
361 473 2
361 474 2
361 505 2
361 506 2
361 511 2
361 518 3
361 523 2
361 531 2
361 546 2
361 550 2
361 552 2
361 554 1
361 555 2
361 557 2
361 559 2
361 561 1
361 566 2
361 568 2
361 569 1
361 571 2
361 572 1
361 575 2
361 578 2
361 588 2
361 590 0
361 597 2
361 603 2
361 616 2
361 625 2
361 631 2
361 640 2
361 650 2
361 651 3
361 653 2
361 657 2
361 658 2
361 660 2
361 665 2
361 673 2
361 675 2
361 678 2
361 679 2
361 682 2
361 685 2
361 691 3
361 698 2
361 699 2
361 707 2
361 709 2
361 710 2
361 719 2
361 735 2
361 741 2
361 742 2
361 746 2
361 747 2
361 752 2
361 760 1
361 761 1
361 767 0
361 774 1
361 778 3
361 792 2
361 802 2
361 805 2
361 809 2
361 816 1
361 825 2
361 831 1
361 849 1
361 854 2
361 859 1
361 895 2
361 906 2
361 919 2
361 933 1
361 940 2
361 946 2
361 959 2
361 979 2
362 289 2
362 302 3
362 321 2
362 875 2
362 948 2
362 988 2
363 1 2
363 7 2
363 15 2
363 25 2
363 100 2
363 109 2
363 124 2
363 125 2
363 137 2
363 150 3
363 222 2
363 235 2
363 258 2
363 268 2
363 271 2
363 272 2
363 275 2
363 276 2
363 277 2
363 287 2
363 288 2
363 289 2
363 294 2
363 301 2
363 309 1
363 315 2
363 316 2
363 321 2
363 340 2
363 352 2
363 473 2
363 591 2
363 742 2
363 762 2
363 813 2
363 894 2
363 895 2
363 908 1
364 53 3
364 56 3
364 98 3
364 184 3
364 200 3
364 201 3
364 217 3
364 219 2
364 234 3
364 443 3
364 445 2
364 559 3
364 573 2
364 671 3
364 672 2
364 853 3
364 860 1
365 7 3
365 17 2
365 50 3
365 53 2
365 98 3
365 100 3
365 145 1
365 164 3
365 176 3
365 183 3
365 184 2
365 200 3
365 201 2
365 218 3
365 234 3
365 250 3
365 258 3
365 288 3
365 302 3
365 324 3
365 326 3
365 333 2
365 334 2
365 379 2
365 406 2
365 413 2
365 436 3
365 443 3
365 448 2
365 452 2
365 551 1
365 563 1
365 564 1
365 665 2
365 670 3
365 672 2
365 760 1
365 769 1
365 774 1
365 800 2
365 919 3
366 11 2
366 17 2
366 56 2
366 89 3
366 96 2
366 98 2
366 100 2
366 127 2
366 183 3
366 184 2
366 201 2
366 217 1
366 218 2
366 219 1
366 234 2
366 292 2
366 313 3
366 320 2
366 379 2
366 396 2
366 567 1
366 672 2
366 774 1
366 777 2
367 50 3
367 114 3
367 168 3
367 172 3
367 181 3
367 271 2
367 316 3
367 358 2
367 751 2
367 988 1
368 12 2
368 22 2
368 31 2
368 50 2
368 52 2
368 64 3
368 98 2
368 100 2
368 107 2
368 114 2
368 116 2
368 135 2
368 136 2
368 153 2
368 172 2
368 174 2
368 175 2
368 176 2
368 181 2
368 193 2
368 195 2
368 199 2
368 209 2
368 210 2
368 238 2
368 257 2
368 265 2
368 269 2
368 285 2
368 322 2
368 423 2
368 425 2
368 433 2
368 435 2
368 443 2
368 480 2
368 484 2
368 493 3
368 494 2
368 497 2
368 514 2
368 525 3
368 603 2
368 604 2
368 607 1
368 608 3
368 613 2
368 631 2
368 657 2
368 659 2
368 661 2
368 678 2
368 705 2
368 923 2
369 1 3
369 22 3
369 55 3
369 64 3
369 69 3
369 77 2
369 79 3
369 97 3
369 98 3
369 174 3
369 177 3
369 179 2
369 180 2
369 181 3
369 185 3
369 186 3
369 194 3
369 197 3
369 210 3
369 234 3
369 265 3
369 357 3
369 393 3
369 423 3
369 435 3
369 443 3
369 449 2
369 452 2
369 504 3
369 527 3
369 655 3
369 663 2
369 746 3
370 5 2
370 23 3
370 44 3
370 56 3
370 79 3
370 129 2
370 159 3
370 164 3
370 176 3
370 183 3
370 185 3
370 200 2
370 201 2
370 218 3
370 262 2
370 286 3
370 288 2
370 299 2
370 325 3
370 327 2
370 333 2
370 436 3
370 441 2
370 443 3
370 447 3
370 448 2
370 452 2
370 547 2
370 559 2
370 561 2
370 574 2
370 581 3
370 595 3
370 628 3
370 635 3
370 637 2
370 672 2
370 674 2
370 678 2
370 696 2
370 874 3
370 875 3
371 2 2
371 4 3
371 12 3
371 15 3
371 20 3
371 22 3
371 24 2
371 25 2
371 31 3
371 48 3
371 50 3
371 58 3
371 64 3
371 66 3
371 68 2
371 70 3
371 80 2
371 81 3
371 82 3
371 83 3
371 89 3
371 90 2
371 94 2
371 95 3
371 96 3
371 97 3
371 99 3
371 100 3
371 102 2
371 105 2
371 110 1
371 114 3
371 117 3
371 127 3
371 132 3
371 136 3
371 139 3
371 142 2
371 143 3
371 144 3
371 150 3
371 151 3
371 154 3
371 155 2
371 156 3
371 161 3
371 162 3
371 163 2
371 165 3
371 166 3
371 169 3
371 172 3
371 173 3
371 175 3
371 177 3
371 179 3
371 180 3
371 181 3
371 184 2
371 189 3
371 194 3
371 195 3
371 196 3
371 197 3
371 202 3
371 204 3
371 206 2
371 208 3
371 209 3
371 210 3
371 211 3
371 213 3
371 214 3
371 215 3
371 217 2
371 225 2
371 226 3
371 228 3
371 230 3
371 232 2
371 239 3
371 241 2
371 259 2
371 269 3
371 275 3
371 278 2
371 281 2
371 286 3
371 290 2
371 318 3
371 357 3
371 366 3
371 378 3
371 380 3
371 382 3
371 385 3
371 386 2
371 389 1
371 390 4
371 392 3
371 393 3
371 399 2
371 401 2
371 402 3
371 403 3
371 404 3
371 409 2
371 414 3
371 417 2
371 418 3
371 420 3
371 421 3
371 423 3
371 427 3
371 431 2
371 433 3
371 435 3
371 451 3
371 472 2
371 474 3
371 480 3
371 485 3
371 487 3
371 488 3
371 494 3
371 496 3
371 497 3
371 499 3
371 506 3
371 510 3
371 520 3
371 527 3
371 550 3
371 553 2
371 559 2
371 566 3
371 568 3
371 571 2
371 577 3
371 588 3
371 596 2
371 598 3
371 603 3
371 627 2
371 633 3
371 645 2
371 648 3
371 649 3
371 651 3
371 655 3
371 658 3
371 660 3
371 679 3
371 694 2
371 699 3
371 704 2
371 705 3
371 709 3
371 715 2
371 724 3
371 727 2
371 729 3
371 732 3
371 746 3
371 747 3
371 748 2
371 756 2
371 778 3
371 828 1
371 842 2
371 843 3
371 849 2
371 941 2
371 946 2
371 949 3
372 1 3
372 2 2
372 5 2
372 7 3
372 9 3
372 11 3
372 15 3
372 17 2
372 23 3
372 24 2
372 28 3
372 29 2
372 39 3
372 48 3
372 50 3
372 56 3
372 64 3
372 66 3
372 68 2
372 69 3
372 70 3
372 71 3
372 77 2
372 89 3
372 95 3
372 97 3
372 98 3
372 100 3
372 106 2
372 111 3
372 116 3
372 118 2
372 120 1
372 121 3
372 122 1
372 123 2
372 124 3
372 125 3
372 126 3
372 127 3
372 129 3
372 135 3
372 143 3
372 144 3
372 147 2
372 148 2
372 150 3
372 151 3
372 156 3
372 159 3
372 161 3
372 162 3
372 168 3
372 172 3
372 173 3
372 174 3
372 176 3
372 185 3
372 186 3
372 192 3
372 195 3
372 197 3
372 200 3
372 202 3
372 204 3
372 210 3
372 216 3
372 218 3
372 222 3
372 223 3
372 225 2
372 226 2
372 228 3
372 229 2
372 230 3
372 231 2
372 233 3
372 234 3
372 235 2
372 237 3
372 240 3
372 247 2
372 248 3
372 252 2
372 254 1
372 257 3
372 265 3
372 279 2
372 280 2
372 282 3
372 284 2
372 289 2
372 291 2
372 310 3
372 322 2
372 323 2
372 356 3
372 363 2
372 369 2
372 385 2
372 393 3
372 403 2
372 405 2
372 412 2
372 423 3
372 424 1
372 427 3
372 449 2
372 450 1
372 454 2
372 458 2
372 463 3
372 465 3
372 466 3
372 467 3
372 468 3
372 475 3
372 476 2
372 483 3
372 521 3
372 527 3
372 540 2
372 544 2
372 550 2
372 552 3
372 554 2
372 558 3
372 566 3
372 568 3
372 572 2
372 576 2
372 581 3
372 591 3
372 619 3
372 620 2
372 628 3
372 637 2
372 642 2
372 651 3
372 665 2
372 685 3
372 692 3
372 696 2
372 717 2
372 741 2
372 742 3
372 743 1
372 756 2
372 758 0
372 761 3
372 762 2
372 763 2
372 770 2
372 789 3
372 815 2
372 819 1
372 820 2
372 824 2
372 832 3
372 844 2
372 845 2
372 846 2
372 872 2
372 880 2
372 924 2
372 928 2
372 930 2
372 931 1
372 932 2
372 934 2
372 948 1
372 952 3
372 974 2
372 975 2
372 977 2
372 978 1
372 979 2
372 986 1
373 5 2
373 39 2
373 77 3
373 176 3
373 183 3
373 185 3
373 218 3
373 233 2
373 288 2
373 300 2
373 443 3
373 583 2
373 684 3
373 761 2
374 11 3
374 14 3
374 98 3
374 154 3
374 181 3
374 197 3
374 198 3
374 223 3
374 237 2
374 246 3
374 268 3
374 274 3
374 275 3
374 289 2
374 301 2
374 603 3
374 762 2
375 56 3
375 98 3
375 100 3
375 164 2
375 168 3
375 173 3
375 194 3
375 219 2
375 234 3
375 258 3
375 268 3
375 288 2
375 313 3
375 316 3
375 323 2
375 354 2
375 443 3
375 508 3
375 895 2
376 1 2
376 2 2
376 4 3
376 5 2
376 7 3
376 8 3
376 9 3
376 10 3
376 11 3
376 12 3
376 13 2
376 14 3
376 15 2
376 21 1
376 22 3
376 28 3
376 29 2
376 31 2
376 40 2
376 42 2
376 43 3
376 48 2
376 49 2
376 50 3
376 52 3
376 53 2
376 54 2
376 58 3
376 59 3
376 62 2
376 63 3
376 65 3
376 66 3
376 68 2
376 70 3
376 73 2
376 77 3
376 79 3
376 86 3
376 87 3
376 88 2
376 89 3
376 91 2
376 94 2
376 95 3
376 99 3
376 100 3
376 106 2
376 110 1
376 111 2
376 117 3
376 121 3
376 123 2
376 125 3
376 126 2
376 132 3
376 133 3
376 135 3
376 141 2
376 143 3
376 144 3
376 148 2
376 151 2
376 153 3
376 155 2
376 157 2
376 159 2
376 161 3
376 162 2
376 167 2
376 172 3
376 173 3
376 174 3
376 175 3
376 176 3
376 179 3
376 180 3
376 181 3
376 182 3
376 186 3
376 191 2
376 194 3
376 195 3
376 196 3
376 197 3
376 200 3
376 202 3
376 203 2
376 207 3
376 210 3
376 213 3
376 215 3
376 217 2
376 218 3
376 220 2
376 222 3
376 223 3
376 226 2
376 227 2
376 230 2
376 233 2
376 234 3
376 235 1
376 237 3
376 239 2
376 241 2
376 245 2
376 248 2
376 252 2
376 254 2
376 255 3
376 257 3
376 258 3
376 269 3
376 272 3
376 273 3
376 274 3
376 275 3
376 276 3
376 277 2
376 280 2
376 281 2
376 282 2
376 283 3
376 284 2
376 285 3
376 286 3
376 288 2
376 289 2
376 294 2
376 295 2
376 298 2
376 300 2
376 301 2
376 302 3
376 304 2
376 317 3
376 318 3
376 319 2
376 321 2
376 326 2
376 328 2
376 356 2
376 365 2
376 367 2
376 380 3
376 381 3
376 382 3
376 385 3
376 386 2
376 387 2
376 392 3
376 393 3
376 396 2
376 401 2
376 403 3
376 404 2
376 405 2
376 409 2
376 410 2
376 411 2
376 417 2
376 418 3
376 419 2
376 420 3
376 423 3
376 432 3
376 435 3
376 447 3
376 449 2
376 450 1
376 451 3
376 458 2
376 465 2
376 469 3
376 471 3
376 476 2
376 479 3
376 482 3
376 485 2
376 496 3
376 500 3
376 501 2
376 508 3
376 509 3
376 517 2
376 527 3
376 528 3
376 542 2
376 546 2
376 549 2
376 554 2
376 559 2
376 566 2
376 568 3
376 572 1
376 575 2
376 576 2
376 582 3
376 591 2
376 596 2
376 597 2
376 619 2
376 620 2
376 623 2
376 629 3
376 631 2
376 632 3
376 635 2
376 636 2
376 651 2
376 655 2
376 663 2
376 665 2
376 674 2
376 686 3
376 692 3
376 693 2
376 694 3
376 702 2
376 703 3
376 707 3
376 708 2
376 709 3
376 715 1
376 716 3
376 720 2
376 722 2
376 724 3
376 727 2
376 729 2
376 731 2
376 732 2
376 734 1
376 736 3
376 742 3
376 744 3
376 747 2
376 755 3
376 756 2
376 762 2
376 768 2
376 778 2
376 780 2
376 787 2
376 792 2
376 793 3
376 796 2
376 806 3
376 807 2
376 845 3
376 866 2
376 875 2
376 896 2
376 918 2
376 921 2
376 924 2
376 926 1
376 928 2
376 930 1
376 939 2
376 942 3
376 951 2
376 959 3
376 961 2
376 969 2
376 972 2
376 977 2
376 979 2
377 1 3
377 2 2
377 4 3
377 8 3
377 9 3
377 12 3
377 23 3
377 50 3
377 52 3
377 54 3
377 56 3
377 62 2
377 63 2
377 64 4
377 69 3
377 79 3
377 82 3
377 83 3
377 88 3
377 89 3
377 90 2
377 93 2
377 96 3
377 98 3
377 100 3
377 116 3
377 124 3
377 131 3
377 133 3
377 135 3
377 141 3
377 144 3
377 152 2
377 153 3
377 157 3
377 158 3
377 161 3
377 163 2
377 164 3
377 168 3
377 172 3
377 173 3
377 176 3
377 177 3
377 178 3
377 179 3
377 183 3
377 186 3
377 188 3
377 191 3
377 192 3
377 193 3
377 194 3
377 195 3
377 196 3
377 200 3
377 202 3
377 203 3
377 204 3
377 205 3
377 208 3
377 210 3
377 211 3
377 216 3
377 219 2
377 227 2
377 230 2
377 233 3
377 238 3
377 239 3
377 257 3
377 270 3
377 271 2
377 284 2
377 285 3
377 294 2
377 300 3
377 306 3
377 310 3
377 331 3
377 339 2
377 357 3
377 372 3
377 381 3
377 383 2
377 385 3
377 391 2
377 393 3
377 395 3
377 401 3
377 402 3
377 405 2
377 414 3
377 417 2
377 419 3
377 427 3
377 428 3
377 434 3
377 436 3
377 443 3
377 447 3
377 448 3
377 451 3
377 452 2
377 461 3
377 480 3
377 496 3
377 504 3
377 511 3
377 514 3
377 516 3
377 517 3
377 520 3
377 522 3
377 523 3
377 527 3
377 528 3
377 529 3
377 530 3
377 554 2
377 559 2
377 563 1
377 566 3
377 568 3
377 575 2
377 576 2
377 603 3
377 616 3
377 622 3
377 636 2
377 637 2
377 644 3
377 649 3
377 651 3
377 655 3
377 659 3
377 674 2
377 684 3
377 686 3
377 701 2
377 704 2
377 705 3
377 710 3
377 712 3
377 729 3
377 732 3
377 735 3
377 736 3
377 746 3
377 842 2
377 855 3
378 1 2
378 7 2
378 12 2
378 22 2
378 28 2
378 31 2
378 38 2
378 58 2
378 59 2
378 60 2
378 61 2
378 62 2
378 64 3
378 69 2
378 71 2
378 81 2
378 95 2
378 98 2
378 100 2
378 109 2
378 114 3
378 118 2
378 121 2
378 132 2
378 134 2
378 139 2
378 152 2
378 154 2
378 161 2
378 163 2
378 168 2
378 170 3
378 172 2
378 176 2
378 177 2
378 180 2
378 181 2
378 183 2
378 185 2
378 186 2
378 190 2
378 194 2
378 197 2
378 208 2
378 213 3
378 215 2
378 217 2
378 222 2
378 228 2
378 229 2
378 238 2
378 241 2
378 258 2
378 265 2
378 270 2
378 306 2
378 313 2
378 315 2
378 340 2
378 356 2
378 357 2
378 382 2
378 414 2
378 416 2
378 419 3
378 423 2
378 425 2
378 427 2
378 428 2
378 435 2
378 443 2
378 449 2
378 462 2
378 463 2
378 465 2
378 474 2
378 479 2
378 483 3
378 502 2
378 506 2
378 512 2
378 515 2
378 518 2
378 521 2
378 527 2
378 529 2
378 530 2
378 549 2
378 561 1
378 566 2
378 570 2
378 573 2
378 582 2
378 587 2
378 614 2
378 629 2
378 630 1
378 631 2
378 651 2
378 652 2
378 654 2
378 663 2
378 664 2
378 665 2
378 670 2
378 684 2
378 699 3
378 708 2
378 712 1
378 729 2
378 732 2
378 736 2
378 744 2
378 750 2
378 751 2
378 753 2
378 770 2
378 856 3
378 923 2
378 956 2
378 959 2
379 1 3
379 13 3
379 14 3
379 15 3
379 16 2
379 20 2
379 30 3
379 50 3
379 59 3
379 77 2
379 79 2
379 83 3
379 89 3
379 94 2
379 95 3
379 97 2
379 99 3
379 100 3
379 102 2
379 121 3
379 129 2
379 132 3
379 133 3
379 134 3
379 135 3
379 139 2
379 150 3
379 151 2
379 175 3
379 178 3
379 191 3
379 212 2
379 214 2
379 216 2
379 217 2
379 228 3
379 259 2
379 276 3
379 281 2
379 294 2
379 303 2
379 304 2
379 318 3
379 344 2
379 378 3
379 418 2
379 443 3
379 459 1
379 462 3
379 473 2
379 479 3
379 485 3
379 487 3
379 493 3
379 495 3
379 498 3
379 501 3
379 509 3
379 517 3
379 525 3
379 526 3
379 529 3
379 582 3
379 607 2
379 631 2
379 634 2
379 640 2
379 647 3
379 652 3
379 656 3
379 657 3
379 660 3
379 673 3
379 682 2
379 693 3
379 705 3
379 724 3
379 742 3
379 771 2
379 778 2
379 855 3
379 887 2
379 898 1
379 914 1
379 931 2
379 934 2
379 961 3
379 995 2
380 7 3
380 9 3
380 23 3
380 50 3
380 56 3
380 98 2
380 100 2
380 122 1
380 127 3
380 134 3
380 135 3
380 137 3
380 150 3
380 171 3
380 177 3
380 180 3
380 183 3
380 258 2
380 276 2
380 290 2
380 332 2
380 475 3
380 481 3
380 482 2
380 507 3
380 508 2
380 531 3
380 717 2
381 14 3
381 19 3
381 58 3
381 81 3
381 86 3
381 89 3
381 100 3
381 134 3
381 135 3
381 137 3
381 180 3
381 193 3
381 197 3
381 203 3
381 205 2
381 223 3
381 237 3
381 238 3
381 268 3
381 272 3
381 285 3
381 302 3
381 315 3
381 319 3
381 321 2
381 345 2
381 357 3
381 425 3
381 427 3
381 435 3
381 464 4
381 474 3
381 475 3
381 478 3
381 479 3
381 480 3
381 483 4
381 484 3
381 496 3
381 505 3
381 514 3
381 531 3
381 603 3
381 639 3
381 641 3
381 657 3
382 272 3
382 289 2
382 302 3
382 316 3
382 327 2
382 343 2
382 355 2
382 751 2
382 989 1
383 4 2
383 8 2
383 12 2
383 18 1
383 24 2
383 29 1
383 32 2
383 37 1
383 42 2
383 47 2
383 48 2
383 50 2
383 53 2
383 56 2
383 58 2
383 59 3
383 61 2
383 79 2
383 81 2
383 82 2
383 87 2
383 89 3
383 93 3
383 98 3
383 99 2
383 111 2
383 114 3
383 122 1
383 127 2
383 128 2
383 129 2
383 131 2
383 133 2
383 134 3
383 135 2
383 136 2
383 143 2
383 144 2
383 145 1
383 151 2
383 152 2
383 153 2
383 168 2
383 169 2
383 171 2
383 172 2
383 173 2
383 174 3
383 175 2
383 177 3
383 180 2
383 181 2
383 183 3
383 186 2
383 187 3
383 189 2
383 191 3
383 192 3
383 194 2
383 195 3
383 199 2
383 200 2
383 207 2
383 208 2
383 209 2
383 211 2
383 216 2
383 217 2
383 218 2
383 219 1
383 221 2
383 224 2
383 235 1
383 236 1
383 238 2
383 249 2
383 250 2
383 253 3
383 254 1
383 256 1
383 257 2
383 262 2
383 273 2
383 276 2
383 283 3
383 285 2
383 286 2
383 290 2
383 293 2
383 304 2
383 305 2
383 318 2
383 320 3
383 325 2
383 337 0
383 340 2
383 346 2
383 347 2
383 367 1
383 383 1
383 385 2
383 403 2
383 405 2
383 408 2
383 417 2
383 419 2
383 423 2
383 425 2
383 427 2
383 428 3
383 429 2
383 430 2
383 433 2
383 435 2
383 443 2
383 447 2
383 451 2
383 455 2
383 458 2
383 461 2
383 462 2
383 473 2
383 474 2
383 479 3
383 480 2
383 482 2
383 483 3
383 485 2
383 486 2
383 487 3
383 489 2
383 492 2
383 496 3
383 498 3
383 500 2
383 502 2
383 503 2
383 506 2
383 507 2
383 508 2
383 511 3
383 512 2
383 520 3
383 521 2
383 523 3
383 524 2
383 525 2
383 526 2
383 529 2
383 557 2
383 603 2
383 604 2
383 606 2
383 616 2
383 631 2
383 650 2
383 652 2
383 653 3
383 654 2
383 657 2
383 658 2
383 659 2
383 661 2
383 663 2
383 664 2
383 673 2
383 674 2
383 675 3
383 705 2
383 719 1
383 727 2
383 732 2
383 739 2
383 745 3
383 794 2
383 851 4
383 855 2
383 865 4
383 871 1
383 896 1
383 900 2
383 919 2
383 922 3
383 940 1
383 942 2
383 945 2
383 959 2
383 961 3
383 965 3
384 24 2
384 50 3
384 121 3
384 222 3
384 273 3
384 455 2
384 685 2
384 825 2
384 833 3
384 840 1
385 2 2
385 4 3
385 7 2
385 8 2
385 10 3
385 11 2
385 13 2
385 20 2
385 22 2
385 23 2
385 24 2
385 27 2
385 31 2
385 32 3
385 33 2
385 39 2
385 47 2
385 48 3
385 50 3
385 52 2
385 55 2
385 56 2
385 58 2
385 61 2
385 62 2
385 64 3
385 68 2
385 71 2
385 76 2
385 79 2
385 81 3
385 82 2
385 83 3
385 89 3
385 91 2
385 92 2
385 93 3
385 96 2
385 97 2
385 98 2
385 99 3
385 101 2
385 102 2
385 113 3
385 114 3
385 116 2
385 117 2
385 121 2
385 123 2
385 127 2
385 129 2
385 133 3
385 135 2
385 136 2
385 144 2
385 147 2
385 151 2
385 152 2
385 156 2
385 161 2
385 168 3
385 169 3
385 176 2
385 180 2
385 181 2
385 182 2
385 183 2
385 184 2
385 186 3
385 187 2
385 189 2
385 190 2
385 192 2
385 193 2
385 194 3
385 195 2
385 196 2
385 197 2
385 198 2
385 200 2
385 201 2
385 202 3
385 203 2
385 205 2
385 206 2
385 208 2
385 209 2
385 210 2
385 211 2
385 215 2
385 217 2
385 218 2
385 219 1
385 222 3
385 223 3
385 224 3
385 226 2
385 228 3
385 229 2
385 230 3
385 231 2
385 233 2
385 238 2
385 241 2
385 246 2
385 248 2
385 250 2
385 258 2
385 265 2
385 268 3
385 273 2
385 277 2
385 288 2
385 289 2
385 293 2
385 294 2
385 295 3
385 298 2
385 317 2
385 318 2
385 319 2
385 320 2
385 321 2
385 325 2
385 333 2
385 357 2
385 380 3
385 381 2
385 385 2
385 393 2
385 403 2
385 410 2
385 414 2
385 418 2
385 423 2
385 428 3
385 429 2
385 430 2
385 431 2
385 432 3
385 435 3
385 436 2
385 441 1
385 444 2
385 446 2
385 447 2
385 448 1
385 455 2
385 458 1
385 461 3
385 463 3
385 473 2
385 474 3
385 475 2
385 477 2
385 488 3
385 496 3
385 508 2
385 511 3
385 514 3
385 515 2
385 520 3
385 526 2
385 528 3
385 547 2
385 549 2
385 558 1
385 559 2
385 561 1
385 564 1
385 566 2
385 569 2
385 578 2
385 580 2
385 582 2
385 583 2
385 593 3
385 603 2
385 619 2
385 625 2
385 642 3
385 650 2
385 651 2
385 659 2
385 663 2
385 672 1
385 674 2
385 678 2
385 679 2
385 684 2
385 692 2
385 693 2
385 697 3
385 715 2
385 732 2
385 735 2
385 737 2
385 742 2
385 744 2
385 768 2
385 769 2
385 772 1
385 773 1
385 774 1
385 789 2
385 790 2
385 806 3
385 844 1
385 845 2
385 854 0
385 856 3
385 919 3
385 942 2
385 943 2
385 952 3
385 969 2
385 972 2
385 984 1
386 5 2
386 56 3
386 100 3
386 111 3
386 117 3
386 147 3
386 184 2
386 237 3
386 259 2
386 288 2
386 298 3
386 307 2
386 310 3
386 315 3
386 323 2
386 326 2
386 333 3
386 508 3
386 569 2
386 591 3
386 628 3
386 678 2
386 680 3
386 682 2
386 690 2
386 742 3
386 769 2
386 773 2
386 816 3
386 845 3
386 871 2
386 895 2
387 4 3
387 8 3
387 23 3
387 25 2
387 28 3
387 29 2
387 38 2
387 40 2
387 42 3
387 47 3
387 50 3
387 53 2
387 56 3
387 58 3
387 59 3
387 64 3
387 65 3
387 66 3
387 69 3
387 72 2
387 77 2
387 79 3
387 80 2
387 82 3
387 88 3
387 90 2
387 94 2
387 95 3
387 98 3
387 99 3
387 100 3
387 105 2
387 109 2
387 111 2
387 118 2
387 127 3
387 131 3
387 132 3
387 136 3
387 142 2
387 151 3
387 152 2
387 153 3
387 154 2
387 159 3
387 160 2
387 167 2
387 168 3
387 172 3
387 173 3
387 174 3
387 176 3
387 178 3
387 179 3
387 181 3
387 185 3
387 186 3
387 191 3
387 194 3
387 197 3
387 202 3
387 204 3
387 205 3
387 208 3
387 210 3
387 211 3
387 216 3
387 217 2
387 234 3
387 238 3
387 249 2
387 275 3
387 283 3
387 285 3
387 300 3
387 301 2
387 346 3
387 378 3
387 383 2
387 384 2
387 393 3
387 395 2
387 396 3
387 401 2
387 404 3
387 407 2
387 410 2
387 411 2
387 414 3
387 416 2
387 420 3
387 423 3
387 428 3
387 429 3
387 435 3
387 451 3
387 454 2
387 467 3
387 471 3
387 474 3
387 475 2
387 477 2
387 478 3
387 479 3
387 480 3
387 481 2
387 483 3
387 484 3
387 490 3
387 491 3
387 492 3
387 493 4
387 497 3
387 498 3
387 499 3
387 501 3
387 502 3
387 503 2
387 504 3
387 506 2
387 507 3
387 509 3
387 510 2
387 514 3
387 517 3
387 518 3
387 519 2
387 520 3
387 525 3
387 526 3
387 550 3
387 558 2
387 568 3
387 583 2
387 584 2
387 588 3
387 591 3
387 602 3
387 604 3
387 605 2
387 607 2
387 610 2
387 612 3
387 613 3
387 615 2
387 616 3
387 630 2
387 631 2
387 642 3
387 649 2
387 656 3
387 657 3
387 661 2
387 662 3
387 671 3
387 674 3
387 693 3
387 699 3
387 700 2
387 705 3
387 712 2
387 715 2
387 731 2
387 732 3
387 736 3
387 739 3
387 756 2
387 763 2
387 778 2
387 780 2
387 785 2
387 792 3
387 820 2
387 824 2
387 835 3
387 836 3
387 845 3
387 847 3
387 923 3
387 926 2
387 942 3
387 945 3
387 954 2
387 997 1
388 1 3
388 9 3
388 13 3
388 126 3
388 258 3
388 275 3
388 302 3
388 304 2
388 319 2
388 328 2
388 329 2
388 331 2
388 740 2
388 742 3
388 845 3
388 989 2
389 9 3
389 11 2
389 12 3
389 15 2
389 22 3
389 31 3
389 47 3
389 48 3
389 56 3
389 58 3
389 59 3
389 60 3
389 64 3
389 69 3
389 71 3
389 76 3
389 89 3
389 97 2
389 100 3
389 127 3
389 132 3
389 134 3
389 148 2
389 168 3
389 173 3
389 182 3
389 188 3
389 191 3
389 195 3
389 197 3
389 200 2
389 203 3
389 204 3
389 205 3
389 213 3
389 215 3
389 222 3
389 234 3
389 237 3
389 238 3
389 258 3
389 264 2
389 276 3
389 282 3
389 286 3
389 288 2
389 294 2
389 300 3
389 318 3
389 334 2
389 357 2
389 421 3
389 458 2
389 460 2
389 471 3
389 474 3
389 479 3
389 480 3
389 482 2
389 490 3
389 491 2
389 498 3
389 504 3
389 507 3
389 508 2
389 510 3
389 511 3
389 527 3
389 530 3
389 544 2
389 546 2
389 603 3
389 604 3
389 628 3
389 646 3
389 659 2
389 661 3
389 678 2
389 748 2
389 772 2
389 774 2
389 963 3
390 8 3
390 23 3
390 58 3
390 59 3
390 99 3
390 114 3
390 129 2
390 166 3
390 169 3
390 170 3
390 172 3
390 173 3
390 178 3
390 179 3
390 180 3
390 181 3
390 189 3
390 191 3
390 197 3
390 199 3
390 200 3
390 209 3
390 244 2
390 248 3
390 249 2
390 250 2
390 255 2
390 257 3
390 260 2
390 268 3
390 270 3
390 271 2
390 272 2
390 276 3
390 285 3
390 288 2
390 289 2
390 293 3
390 294 2
390 297 3
390 300 3
390 302 2
390 303 3
390 304 3
390 310 3
390 312 2
390 313 3
390 319 2
390 321 2
390 323 2
390 324 2
390 325 2
390 328 2
390 333 2
390 340 3
390 344 2
390 345 2
390 346 2
390 347 2
390 463 3
390 482 3
390 491 3
390 492 3
390 493 3
390 511 3
390 515 3
390 534 3
390 538 2
390 615 2
390 632 3
390 650 3
390 663 2
390 705 3
390 813 3
390 847 3
390 872 2
390 873 1
390 880 3
391 2 2
391 3 2
391 4 2
391 5 2
391 7 2
391 11 3
391 12 2
391 15 3
391 17 2
391 21 2
391 22 2
391 24 2
391 25 3
391 26 3
391 27 2
391 28 2
391 29 2
391 31 3
391 36 3
391 38 2
391 40 2
391 41 2
391 42 3
391 48 3
391 49 2
391 50 2
391 51 2
391 54 2
391 55 3
391 56 2
391 58 2
391 62 2
391 64 3
391 65 2
391 67 2
391 68 2
391 69 3
391 70 3
391 71 3
391 73 2
391 78 2
391 79 2
391 81 2
391 83 3
391 84 2
391 85 2
391 86 3
391 87 3
391 88 3
391 90 2
391 94 2
391 95 3
391 99 2
391 100 2
391 105 2
391 108 2
391 109 2
391 110 2
391 111 2
391 117 2
391 118 2
391 122 2
391 123 2
391 126 3
391 128 2
391 132 2
391 135 2
391 136 3
391 138 2
391 139 3
391 142 2
391 144 2
391 147 2
391 148 2
391 153 3
391 154 2
391 161 3
391 168 2
391 169 3
391 172 2
391 173 3
391 181 2
391 184 2
391 186 3
391 189 3
391 191 3
391 194 3
391 196 2
391 202 3
391 203 3
391 204 2
391 206 2
391 215 3
391 222 3
391 223 2
391 227 2
391 228 2
391 233 3
391 237 3
391 239 2
391 240 2
391 241 2
391 243 2
391 245 2
391 252 2
391 255 2
391 257 2
391 258 3
391 265 3
391 270 3
391 271 2
391 273 2
391 274 3
391 275 3
391 278 2
391 280 2
391 281 2
391 283 2
391 290 2
391 291 2
391 294 2
391 298 2
391 303 2
391 313 2
391 316 3
391 317 3
391 318 3
391 321 2
391 323 2
391 328 2
391 333 2
391 338 2
391 342 2
391 344 3
391 347 3
391 354 2
391 355 2
391 356 2
391 357 2
391 362 2
391 363 2
391 364 2
391 365 2
391 366 3
391 369 2
391 373 3
391 374 3
391 376 2
391 377 2
391 378 3
391 380 2
391 385 3
391 386 2
391 391 2
391 393 3
391 394 2
391 396 2
391 403 3
391 404 3
391 405 2
391 409 2
391 410 2
391 412 3
391 415 2
391 417 2
391 418 3
391 419 2
391 420 3
391 421 3
391 423 3
391 431 3
391 443 3
391 456 2
391 465 2
391 470 2
391 471 3
391 472 2
391 473 2
391 476 2
391 477 2
391 479 2
391 480 2
391 496 3
391 497 2
391 500 2
391 501 3
391 527 3
391 538 2
391 539 1
391 540 2
391 544 2
391 546 2
391 550 3
391 552 2
391 553 2
391 554 2
391 559 2
391 561 2
391 566 2
391 568 3
391 569 2
391 571 2
391 576 2
391 578 2
391 588 3
391 591 2
391 596 2
391 597 2
391 622 2
391 623 2
391 628 2
391 630 2
391 633 3
391 636 2
391 644 3
391 651 2
391 655 3
391 659 2
391 672 2
391 681 1
391 683 2
391 685 3
391 686 3
391 687 2
391 690 2
391 692 3
391 696 2
391 705 3
391 710 2
391 715 2
391 717 2
391 721 2
391 722 2
391 725 2
391 727 2
391 728 2
391 731 2
391 737 3
391 739 3
391 742 3
391 747 2
391 751 2
391 755 2
391 756 2
391 761 2
391 763 2
391 771 2
391 775 2
391 778 3
391 779 2
391 780 2
391 781 2
391 783 2
391 789 2
391 792 3
391 794 2
391 797 2
391 802 2
391 805 3
391 808 2
391 810 2
391 812 1
391 815 2
391 821 3
391 824 2
391 825 3
391 826 2
391 831 2
391 836 2
391 840 2
391 841 2
391 842 2
391 843 3
391 845 3
391 870 2
391 871 2
391 876 2
391 879 2
391 890 2
391 905 2
391 922 2
391 929 2
391 930 2
391 932 2
391 939 3
391 940 1
391 944 2
391 949 2
391 951 2
391 953 3
391 964 2
391 977 2
391 996 2
391 997 2
391 999 2
391 1000 2
392 1 3
392 7 3
392 28 3
392 31 3
392 38 2
392 39 2
392 42 3
392 56 3
392 63 2
392 68 3
392 72 3
392 73 3
392 79 3
392 84 3
392 88 3
392 96 3
392 97 3
392 98 3
392 101 2
392 117 3
392 121 3
392 128 2
392 132 3
392 144 3
392 154 3
392 156 3
392 158 3
392 161 3
392 164 3
392 172 3
392 174 4
392 179 3
392 181 3
392 184 2
392 195 3
392 208 3
392 210 3
392 216 3
392 217 2
392 218 3
392 222 3
392 226 2
392 227 2
392 229 2
392 230 3
392 232 2
392 233 3
392 238 3
392 250 2
392 257 3
392 265 3
392 282 3
392 288 3
392 313 3
392 364 2
392 383 2
392 385 3
392 386 2
392 411 2
392 416 3
392 419 3
392 423 3
392 433 3
392 449 2
392 450 1
392 455 2
392 496 3
392 508 2
392 540 1
392 541 3
392 550 3
392 552 3
392 554 2
392 559 2
392 561 2
392 568 3
392 576 2
392 578 3
392 597 2
392 655 3
392 658 3
392 665 2
392 679 2
392 746 3
392 763 2
392 771 2
392 773 3
392 780 2
392 797 2
392 802 2
392 979 2
393 1 3
393 50 3
393 64 3
393 89 3
393 97 3
393 98 3
393 100 3
393 121 3
393 151 3
393 154 3
393 174 3
393 186 3
393 196 3
393 210 3
393 216 3
393 237 3
393 252 2
393 255 2
393 257 3
393 273 3
393 313 3
393 315 3
393 328 2
393 342 2
393 343 2
393 423 3
393 458 2
393 472 2
393 632 3
393 739 2
393 892 2
393 924 2
394 1 2
394 9 2
394 25 2
394 100 3
394 106 2
394 117 3
394 121 3
394 125 3
394 222 3
394 237 2
394 245 2
394 260 2
394 274 2
394 291 2
394 300 2
394 322 2
394 328 2
394 329 2
394 333 2
394 405 2
394 455 2
394 471 2
394 591 3
394 619 3
394 678 2
394 717 2
394 751 2
394 840 1
394 930 2
394 977 2
394 986 2
395 7 3
395 8 3
395 23 3
395 56 3
395 95 3
395 100 3
395 108 2
395 109 2
395 117 3
395 127 3
395 134 3
395 135 3
395 156 3
395 171 2
395 172 3
395 174 3
395 177 3
395 178 3
395 181 3
395 183 3
395 192 3
395 194 3
395 197 3
395 210 3
395 221 2
395 223 3
395 261 1
395 268 3
395 286 3
395 288 2
395 302 3
395 313 3
395 318 3
395 322 2
395 324 2
395 325 2
395 327 2
395 334 2
395 338 2
395 340 2
395 345 3
395 346 2
395 390 4
395 423 3
395 457 0
395 475 3
395 479 3
395 483 3
395 498 3
395 513 3
395 588 3
395 615 3
395 641 3
395 657 3
395 680 2
395 705 3
395 748 2
395 751 2
395 853 4
395 855 3
395 878 1
395 894 1
395 896 2
395 988 1
395 989 2
395 991 1
396 4 3
396 12 3
396 13 3
396 15 3
396 25 2
396 28 3
396 31 3
396 47 2
396 49 2
396 50 3
396 56 3
396 58 3
396 63 2
396 64 3
396 65 3
396 66 3
396 69 3
396 70 3
396 72 2
396 73 2
396 82 3
396 85 3
396 88 3
396 94 2
396 95 3
396 117 3
396 124 3
396 125 2
396 126 3
396 127 3
396 144 3
396 152 2
396 154 3
396 159 2
396 162 3
396 163 2
396 167 2
396 168 3
396 172 3
396 173 3
396 174 3
396 178 3
396 181 3
396 182 3
396 183 3
396 186 3
396 191 3
396 194 3
396 196 3
396 197 3
396 199 3
396 202 3
396 203 3
396 204 3
396 205 3
396 211 3
396 216 3
396 227 2
396 228 3
396 229 2
396 230 3
396 234 3
396 235 2
396 239 3
396 274 3
396 276 3
396 284 2
396 357 3
396 385 2
396 393 3
396 399 2
396 403 3
396 414 3
396 417 2
396 423 3
396 429 3
396 430 3
396 432 3
396 435 3
396 474 3
396 476 2
396 479 3
396 480 3
396 481 2
396 485 2
396 491 3
396 493 3
396 494 3
396 495 2
396 496 2
396 497 2
396 498 3
396 501 3
396 502 3
396 504 3
396 510 3
396 514 3
396 519 3
396 520 3
396 521 3
396 525 3
396 588 3
396 589 2
396 591 3
396 602 3
396 648 3
396 654 3
396 663 2
396 692 2
396 700 1
396 710 2
396 715 2
396 732 3
396 735 3
396 737 2
396 756 2
396 796 2
396 953 2
396 969 2
396 991 1
396 993 2
397 2 2
397 5 2
397 8 2
397 9 2
397 15 2
397 22 2
397 26 2
397 31 2
397 33 2
397 38 2
397 41 2
397 42 2
397 48 2
397 53 2
397 55 2
397 56 2
397 57 2
397 58 2
397 62 2
397 63 2
397 66 2
397 67 2
397 68 2
397 69 2
397 71 2
397 72 2
397 73 2
397 77 2
397 79 2
397 80 2
397 84 3
397 91 2
397 94 2
397 95 2
397 97 2
397 98 2
397 99 2
397 102 2
397 110 2
397 114 2
397 117 2
397 118 2
397 121 2
397 127 2
397 128 2
397 132 2
397 140 2
397 143 3
397 144 2
397 147 2
397 148 2
397 153 2
397 154 2
397 155 2
397 156 2
397 157 2
397 161 2
397 164 2
397 172 2
397 173 2
397 174 2
397 175 2
397 179 2
397 180 2
397 181 2
397 186 2
397 187 2
397 188 2
397 195 2
397 196 2
397 203 2
397 204 2
397 210 2
397 214 2
397 215 2
397 219 2
397 223 2
397 226 2
397 227 2
397 228 2
397 229 2
397 230 2
397 231 2
397 233 2
397 234 2
397 237 2
397 238 2
397 239 2
397 241 2
397 264 2
397 265 2
397 268 2
397 273 2
397 274 2
397 276 2
397 282 2
397 284 2
397 288 2
397 289 2
397 291 2
397 295 2
397 301 2
397 307 2
397 318 2
397 323 2
397 332 2
397 338 2
397 340 3
397 364 2
397 372 2
397 378 2
397 382 2
397 383 1
397 384 2
397 385 2
397 386 2
397 388 3
397 389 2
397 393 2
397 399 2
397 400 0
397 401 2
397 402 2
397 403 2
397 405 2
397 407 2
397 412 2
397 413 2
397 418 2
397 420 2
397 423 2
397 431 2
397 432 2
397 436 2
397 444 1
397 450 2
397 451 2
397 452 2
397 454 2
397 455 2
397 459 2
397 470 2
397 471 2
397 475 2
397 486 2
397 496 2
397 501 2
397 506 2
397 508 2
397 527 2
397 531 2
397 542 2
397 543 2
397 544 2
397 546 2
397 549 2
397 550 2
397 551 2
397 554 2
397 559 2
397 564 2
397 566 2
397 568 2
397 575 2
397 576 2
397 578 2
397 582 2
397 587 2
397 588 2
397 591 2
397 597 2
397 616 2
397 622 2
397 628 2
397 633 2
397 651 2
397 655 2
397 673 2
397 679 2
397 684 2
397 693 2
397 697 2
397 710 2
397 720 2
397 722 2
397 727 2
397 732 2
397 735 2
397 738 2
397 742 2
397 744 2
397 747 2
397 754 2
397 755 2
397 760 2
397 763 2
397 768 2
397 769 2
397 772 2
397 774 2
397 779 1
397 781 2
397 806 2
397 809 2
397 813 2
397 817 2
397 824 2
397 825 2
397 826 2
397 845 3
397 924 2
397 926 2
397 928 2
397 941 2
397 946 2
397 959 2
397 969 2
397 975 2
397 977 2
397 986 2
398 258 3
398 286 3
398 288 2
398 294 2
398 300 3
398 304 2
398 332 2
398 689 2
398 690 2
399 9 2
399 11 2
399 13 2
399 14 2
399 25 2
399 26 2
399 44 2
399 50 2
399 64 3
399 65 2
399 69 2
399 70 2
399 71 2
399 83 2
399 97 2
399 100 2
399 117 2
399 127 2
399 133 2
399 135 2
399 143 2
399 144 2
399 147 2
399 151 2
399 153 2
399 154 2
399 157 2
399 161 2
399 162 2
399 172 2
399 173 2
399 174 3
399 181 2
399 194 2
399 196 2
399 197 2
399 198 2
399 199 2
399 202 2
399 204 2
399 210 2
399 225 2
399 248 2
399 257 2
399 272 2
399 273 2
399 275 2
399 276 2
399 280 2
399 282 2
399 294 2
399 302 2
399 312 2
399 315 2
399 316 2
399 321 2
399 322 2
399 328 2
399 342 2
399 356 2
399 357 2
399 365 2
399 371 2
399 385 2
399 404 2
399 430 2
399 435 2
399 451 2
399 462 2
399 471 2
399 473 1
399 477 1
399 478 2
399 481 2
399 483 3
399 485 2
399 486 2
399 493 3
399 499 2
399 501 2
399 507 2
399 508 2
399 509 2
399 511 2
399 515 2
399 519 2
399 520 2
399 527 2
399 528 2
399 535 2
399 553 2
399 566 2
399 582 2
399 588 2
399 603 2
399 604 2
399 609 2
399 630 1
399 632 2
399 638 2
399 651 2
399 654 2
399 655 2
399 659 2
399 661 2
399 684 2
399 707 2
399 724 2
399 735 2
399 748 1
399 762 2
399 815 1
399 866 2
399 892 1
400 7 3
400 9 3
400 10 3
400 12 3
400 13 3
400 16 2
400 19 3
400 25 3
400 42 3
400 50 3
400 111 3
400 116 2
400 117 3
400 124 3
400 126 3
400 127 3
400 135 3
400 151 3
400 182 3
400 204 3
400 235 2
400 237 3
400 245 2
400 255 2
400 257 3
400 273 3
400 276 3
400 286 3
400 455 3
400 471 3
400 475 3
400 476 2
400 479 3
400 480 3
400 483 3
400 511 3
400 515 3
400 529 3
400 628 3
400 696 2
400 864 2
